Demand,Radiations,Solar_Power,Grid_Power
50081,22929,22929,27152
14025,20643,14025,0
39095,7859,7859,31236
66331,9424,9424,56907
17970,11754,11754,6216
60114,28480,28480,31634
40565,25724,25724,14841
33918,51100,33918,0
17553,33272,17553,0
25432,47961,25432,0
61955,2027,2027,59928
7607,20881,7607,0
41039,43382,41039,0
42075,32638,32638,9437
55478,27692,27692,27786
55170,24830,24830,30340
25628,21138,21138,4490
4392,29568,4392,0
26426,19923,19923,6503
78196,30377,30377,47819
7963,4377,4377,3586
71798,46865,46865,24933
36941,52666,36941,0
11825,36119,11825,0
4156,36663,4156,0
72390,41261,41261,31129
23731,55057,23731,0
18061,22211,18061,0
55967,44801,44801,11166
32460,34916,32460,0
57289,56589,56589,700
10796,1416,1416,9380
10638,8623,8623,2015
16856,13520,13520,3336
10887,19929,10887,0
70034,5126,5126,64908
29568,23158,23158,6410
10872,21218,10872,0
18313,44967,18313,0
41904,8390,8390,33514
37001,3812,3812,33189
58960,13484,13484,45476
48900,18494,18494,30406
60208,7322,7322,52886
57144,54118,54118,3026
39603,32119,32119,7484
53616,29236,29236,24380
70549,6121,6121,64428
63847,14948,14948,48899
27679,11050,11050,16629
20700,44581,20700,0
65149,22384,22384,42765
21180,37673,21180,0
30415,26001,26001,4414
32638,25228,25228,7410
41362,41007,41007,355
30423,8073,8073,22350
68753,41258,41258,27495
49097,24148,24148,24949
20195,36179,20195,0
36884,38680,36884,0
49585,41068,41068,8517
12028,45842,12028,0
68821,58490,58490,10331
7023,42292,7023,0
30262,53056,30262,0
25219,16358,16358,8861
72210,54563,54563,17647
43605,41617,41617,1988
11429,17293,11429,0
13956,20411,13956,0
14400,27902,14400,0
67795,58320,58320,9475
9495,22492,9495,0
58726,43584,43584,15142
18477,21284,18477,0
68831,31835,31835,36996
70238,46014,46014,24224
63727,18033,18033,45694
25612,10290,10290,15322
52460,2590,2590,49870
16719,52607,16719,0
67565,26824,26824,40741
63046,41026,41026,22020
29403,20559,20559,8844
66828,646,646,66182
57028,21927,21927,35101
44196,24964,24964,19232
66881,56978,56978,9903
50115,44720,44720,5395
39004,31434,31434,7570
16832,35963,16832,0
23451,35533,23451,0
34161,58581,34161,0
24895,43558,24895,0
31627,26795,26795,4832
74068,6680,6680,67388
20739,6985,6985,13754
24713,42877,24713,0
42745,20164,20164,22581
68312,44878,44878,23434
15174,20652,15174,0
33040,13494,13494,19546
17254,28703,17254,0
43629,35572,35572,8057
24927,36570,24927,0
10350,56826,10350,0
13705,27519,13705,0
71992,19342,19342,52650
51179,11347,11347,39832
1185,49880,1185,0
1444,54486,1444,0
23435,59983,23435,0
42204,41480,41480,724
56782,13840,13840,42942
59735,50927,50927,8808
39850,40304,39850,0
28409,7412,7412,20997
79734,6672,6672,73062
11949,8563,8563,3386
59155,55135,55135,4020
74993,17884,17884,57109
74967,33410,33410,41557
76978,31453,31453,45525
2679,29449,2679,0
11316,59384,11316,0
30144,22736,22736,7408
60794,17382,17382,43412
38631,9823,9823,28808
69539,56056,56056,13483
31698,37163,31698,0
52702,8155,8155,44547
15304,42449,15304,0
9906,39960,9906,0
4546,59325,4546,0
21943,19948,19948,1995
22888,11490,11490,11398
60576,21197,21197,39379
14441,40357,14441,0
26900,29801,26900,0
44686,10327,10327,34359
14857,6037,6037,8820
39011,49544,39011,0
34004,677,677,33327
27128,47045,27128,0
34969,42734,34969,0
16033,36392,16033,0
62902,54053,54053,8849
47081,39719,39719,7362
36568,5374,5374,31194
70864,58951,58951,11913
71709,3190,3190,68519
79180,14484,14484,64696
9360,11375,9360,0
33302,38113,33302,0
76343,28236,28236,48107
23698,15956,15956,7742
30791,45851,30791,0
38260,40257,38260,0
78165,10064,10064,68101
20937,14126,14126,6811
54574,30882,30882,23692
61973,38604,38604,23369
42237,14554,14554,27683
1997,7143,1997,0
19227,26652,19227,0
67859,6112,6112,61747
77716,29789,29789,47927
53764,41866,41866,11898
33294,30353,30353,2941
50752,12931,12931,37821
68518,53995,53995,14523
67006,3394,3394,63612
49849,4611,4611,45238
27652,48889,27652,0
69113,47959,47959,21154
35557,35006,35006,551
30681,25711,25711,4970
72723,33150,33150,39573
49151,51520,49151,0
36655,38251,36655,0
56614,24084,24084,32530
41342,59986,41342,0
71173,54580,54580,16593
32037,9529,9529,22508
45213,27795,27795,17418
65234,44719,44719,20515
67149,40369,40369,26780
6948,22660,6948,0
49206,22350,22350,26856
13079,4711,4711,8368
44703,59329,44703,0
71374,31680,31680,39694
24153,3278,3278,20875
35357,19893,19893,15464
28104,13499,13499,14605
28787,24538,24538,4249
7996,1126,1126,6870
6245,36483,6245,0
39503,44623,39503,0
58779,44859,44859,13920
53214,25526,25526,27688
35684,49648,35684,0
28289,41300,28289,0
62042,58222,58222,3820
7531,28045,7531,0
69119,7824,7824,61295
34595,19026,19026,15569
3960,41251,3960,0
40280,51098,40280,0
75178,49994,49994,25184
60664,7102,7102,53562
3878,38009,3878,0
46092,40229,40229,5863
33607,12211,12211,21396
27261,4191,4191,23070
45275,58817,45275,0
46936,46113,46113,823
33591,18443,18443,15148
73238,16767,16767,56471
24067,39903,24067,0
42157,42760,42157,0
50784,41074,41074,9710
42353,38244,38244,4109
40221,14732,14732,25489
17878,55834,17878,0
51475,13608,13608,37867
78627,26518,26518,52109
58283,40622,40622,17661
55799,41795,41795,14004
20098,46934,20098,0
28000,11700,11700,16300
54697,15684,15684,39013
15583,19278,15583,0
45678,43521,43521,2157
71636,45863,45863,25773
35819,44169,35819,0
49194,44563,44563,4631
26847,9573,9573,17274
36836,27993,27993,8843
22792,18037,18037,4755
67684,6018,6018,61666
32081,13011,13011,19070
62005,58594,58594,3411
70285,13270,13270,57015
14682,7762,7762,6920
7824,23651,7824,0
47376,115,115,47261
68573,56715,56715,11858
48004,57736,48004,0
34314,28005,28005,6309
52911,44318,44318,8593
44765,40496,40496,4269
15045,32702,15045,0
13193,12036,12036,1157
74727,27220,27220,47507
77267,56815,56815,20452
8991,37615,8991,0
36215,15322,15322,20893
16565,10343,10343,6222
75128,46664,46664,28464
9757,14495,9757,0
18140,10237,10237,7903
9179,42053,9179,0
39803,51185,39803,0
70888,48588,48588,22300
12312,53637,12312,0
73968,57291,57291,16677
45222,38166,38166,7056
40557,15871,15871,24686
25301,9184,9184,16117
26008,16833,16833,9175
21773,49454,21773,0
9062,32765,9062,0
54029,10168,10168,43861
48258,26508,26508,21750
46842,24959,24959,21883
54177,55286,54177,0
2905,38495,2905,0
43437,20266,20266,23171
10746,32755,10746,0
70561,51841,51841,18720
49476,51988,49476,0
60072,4309,4309,55763
66624,57190,57190,9434
10145,58376,10145,0
29029,49152,29029,0
6243,22381,6243,0
79149,189,189,78960
19862,52104,19862,0
68356,30915,30915,37441
76612,57272,57272,19340
75601,54391,54391,21210
38819,4475,4475,34344
55122,11813,11813,43309
53274,39072,39072,14202
38906,59079,38906,0
28305,37483,28305,0
3921,12656,3921,0
75572,15202,15202,60370
7775,2465,2465,5310
1555,6889,1555,0
63842,39592,39592,24250
25600,29403,25600,0
5880,26016,5880,0
5533,54834,5533,0
64261,13600,13600,50661
48063,25877,25877,22186
55290,28654,28654,26636
59410,57073,57073,2337
78413,5238,5238,73175
58200,37785,37785,20415
78848,26163,26163,52685
49809,21400,21400,28409
70819,32306,32306,38513
61536,47983,47983,13553
76836,46841,46841,29995
55824,1575,1575,54249
70206,192,192,70014
59310,37826,37826,21484
43248,1564,1564,41684
43344,30264,30264,13080
69522,55884,55884,13638
38438,31788,31788,6650
19734,10097,10097,9637
30022,58088,30022,0
41319,48583,41319,0
72802,6203,6203,66599
69045,35179,35179,33866
2010,14395,2010,0
59281,30419,30419,28862
34497,58328,34497,0
10245,45145,10245,0
46178,38142,38142,8036
50488,36232,36232,14256
39024,43186,39024,0
45991,54289,45991,0
19773,18039,18039,1734
45433,50346,45433,0
53675,30019,30019,23656
37828,56897,37828,0
10797,53563,10797,0
44132,30563,30563,13569
14064,32941,14064,0
25044,57483,25044,0
31062,3720,3720,27342
4003,33267,4003,0
34453,7194,7194,27259
55855,6245,6245,49610
11052,32067,11052,0
3500,38584,3500,0
69826,10164,10164,59662
6419,29937,6419,0
77085,25703,25703,51382
15613,59319,15613,0
37552,13362,13362,24190
70308,54912,54912,15396
2947,31144,2947,0
3960,6331,3960,0
45198,35382,35382,9816
16309,27098,16309,0
49263,9166,9166,40097
74796,36819,36819,37977
20514,31890,20514,0
29014,19651,19651,9363
2295,11022,2295,0
31965,52402,31965,0
37220,14742,14742,22478
23305,37069,23305,0
55461,47274,47274,8187
55487,6074,6074,49413
24391,50959,24391,0
28002,7422,7422,20580
2098,14418,2098,0
79820,28422,28422,51398
29475,24466,24466,5009
19370,43845,19370,0
65329,45061,45061,20268
45392,19265,19265,26127
79130,34067,34067,45063
6004,42147,6004,0
73508,51538,51538,21970
76993,48816,48816,28177
34964,20904,20904,14060
16779,28371,16779,0
41877,21552,21552,20325
48943,44898,44898,4045
18300,28669,18300,0
72000,43057,43057,28943
27893,16926,16926,10967
35083,12373,12373,22710
2892,41850,2892,0
2760,46956,2760,0
11049,30354,11049,0
73960,963,963,72997
30203,16406,16406,13797
26305,28118,26305,0
23432,21307,21307,2125
55104,17735,17735,37369
13228,16642,13228,0
32020,16719,16719,15301
56363,48359,48359,8004
35063,14520,14520,20543
47754,59939,47754,0
37533,32227,32227,5306
65598,56509,56509,9089
2153,45502,2153,0
69092,41058,41058,28034
73799,55747,55747,18052
42492,32066,32066,10426
76733,49223,49223,27510
18432,20404,18432,0
6352,5224,5224,1128
42213,6571,6571,35642
48277,16768,16768,31509
8494,45438,8494,0
39956,29073,29073,10883
20271,38642,20271,0
20162,55371,20162,0
39947,19917,19917,20030
75696,8375,8375,67321
5298,4484,4484,814
49556,1921,1921,47635
32863,13167,13167,19696
45146,15037,15037,30109
47039,13512,13512,33527
2143,57044,2143,0
28184,45083,28184,0
75893,31457,31457,44436
77777,7527,7527,70250
6613,4112,4112,2501
68983,47316,47316,21667
12701,15650,12701,0
26699,27458,26699,0
59727,16876,16876,42851
42386,53743,42386,0
55910,17025,17025,38885
4138,14644,4138,0
8400,51330,8400,0
47601,4813,4813,42788
42886,2520,2520,40366
47686,1751,1751,45935
1740,25416,1740,0
5426,41981,5426,0
70277,15131,15131,55146
62772,20728,20728,42044
77737,26868,26868,50869
27620,52219,27620,0
11676,12050,11676,0
61792,51356,51356,10436
44185,21144,21144,23041
18978,10931,10931,8047
18293,10050,10050,8243
27580,330,330,27250
78905,57913,57913,20992
24799,34844,24799,0
3974,17880,3974,0
36792,603,603,36189
71913,57285,57285,14628
49081,49039,49039,42
40500,17434,17434,23066
75002,14671,14671,60331
5062,26719,5062,0
78844,20752,20752,58092
62649,33077,33077,29572
43622,42966,42966,656
44371,2584,2584,41787
26338,58937,26338,0
60023,22267,22267,37756
74668,22037,22037,52631
29027,54920,29027,0
30703,27411,27411,3292
74873,2810,2810,72063
33510,24291,24291,9219
39233,37655,37655,1578
79968,55165,55165,24803
16598,26303,16598,0
66596,43341,43341,23255
73254,37754,37754,35500
77091,28251,28251,48840
18736,52301,18736,0
58595,25694,25694,32901
60944,14552,14552,46392
65910,7043,7043,58867
57520,19750,19750,37770
62441,16364,16364,46077
77441,33112,33112,44329
48128,28310,28310,19818
20389,29151,20389,0
22693,56119,22693,0
79386,55037,55037,24349
34202,3124,3124,31078
32585,2082,2082,30503
10560,22855,10560,0
61635,6193,6193,55442
45925,33496,33496,12429
30503,12009,12009,18494
50958,48991,48991,1967
74896,56774,56774,18122
6223,29107,6223,0
3774,18329,3774,0
49606,28930,28930,20676
55711,26624,26624,29087
75766,11052,11052,64714
2460,36330,2460,0
57628,6931,6931,50697
51353,14945,14945,36408
21887,5480,5480,16407
48381,34383,34383,13998
67393,7489,7489,59904
57991,43959,43959,14032
8735,21343,8735,0
53900,45904,45904,7996
40644,24754,24754,15890
15745,21053,15745,0
59509,3089,3089,56420
5780,56943,5780,0
2154,9905,2154,0
44965,5155,5155,39810
14216,21058,14216,0
38665,32003,32003,6662
29608,34769,29608,0
21706,3486,3486,18220
61370,43820,43820,17550
69261,19226,19226,50035
5953,15008,5953,0
16770,31042,16770,0
28041,53984,28041,0
75902,54564,54564,21338
17745,58145,17745,0
50088,16114,16114,33974
15608,37359,15608,0
29450,12388,12388,17062
7530,3780,3780,3750
18494,42613,18494,0
60273,1794,1794,58479
65447,41577,41577,23870
70395,46532,46532,23863
49397,55990,49397,0
69790,57585,57585,12205
40179,22160,22160,18019
73529,10264,10264,63265
46172,49551,46172,0
69195,22316,22316,46879
75975,28143,28143,47832
37722,33331,33331,4391
53509,39766,39766,13743
52759,58210,52759,0
24320,43276,24320,0
61263,43694,43694,17569
36204,54865,36204,0
76170,14612,14612,61558
57803,19450,19450,38353
23444,26568,23444,0
1551,17678,1551,0
56347,42415,42415,13932
67500,22913,22913,44587
39574,9015,9015,30559
47271,55872,47271,0
64117,5676,5676,58441
38432,29499,29499,8933
41913,46772,41913,0
43478,29080,29080,14398
25565,59646,25565,0
38946,10799,10799,28147
49540,30234,30234,19306
2114,17528,2114,0
35823,11149,11149,24674
65017,34007,34007,31010
27033,58444,27033,0
50979,54471,50979,0
4882,33359,4882,0
34277,33962,33962,315
6221,13306,6221,0
3315,20166,3315,0
70440,27503,27503,42937
64312,5557,5557,58755
8566,41055,8566,0
19658,24833,19658,0
50109,58040,50109,0
50170,22206,22206,27964
27934,37773,27934,0
3007,24323,3007,0
15827,26462,15827,0
26190,53746,26190,0
63675,21977,21977,41698
79011,9306,9306,69705
52278,43494,43494,8784
76514,240,240,76274
67234,15942,15942,51292
48098,5030,5030,43068
15814,15714,15714,100
6312,45806,6312,0
38167,36729,36729,1438
18680,46549,18680,0
59513,2357,2357,57156
73679,4190,4190,69489
7962,49414,7962,0
39464,1426,1426,38038
35604,42316,35604,0
35204,5337,5337,29867
38252,35564,35564,2688
11798,32440,11798,0
39152,39193,39152,0
10894,38628,10894,0
57824,51405,51405,6419
59245,57073,57073,2172
59138,18066,18066,41072
60290,53909,53909,6381
13556,19785,13556,0
63070,34273,34273,28797
37669,39801,37669,0
28265,48009,28265,0
57856,39653,39653,18203
36473,34154,34154,2319
79288,30499,30499,48789
22264,6940,6940,15324
60365,58437,58437,1928
67665,48676,48676,18989
62114,11770,11770,50344
27282,37933,27282,0
6329,6597,6329,0
16841,49199,16841,0
35671,41299,35671,0
57330,27868,27868,29462
21860,47512,21860,0
43108,11548,11548,31560
31725,53254,31725,0
66909,53275,53275,13634
50749,55996,50749,0
2107,47606,2107,0
16118,23058,16118,0
2345,30127,2345,0
58439,17503,17503,40936
32216,7191,7191,25025
28872,13296,13296,15576
41222,12350,12350,28872
63298,45848,45848,17450
65299,3737,3737,61562
34510,22479,22479,12031
59592,14907,14907,44685
34926,22929,22929,11997
27225,33365,27225,0
18943,22914,18943,0
56830,23132,23132,33698
67444,19743,19743,47701
1273,26368,1273,0
19623,52865,19623,0
22437,12925,12925,9512
76163,55912,55912,20251
66614,11511,11511,55103
11642,43020,11642,0
55914,8126,8126,47788
64230,7958,7958,56272
44136,33368,33368,10768
8552,7973,7973,579
29640,22240,22240,7400
69087,46034,46034,23053
34595,650,650,33945
66085,55598,55598,10487
47957,14979,14979,32978
5930,21599,5930,0
24074,22647,22647,1427
62488,4883,4883,57605
71294,38909,38909,32385
8130,16576,8130,0
70559,49091,49091,21468
42880,56089,42880,0
30276,9494,9494,20782
18189,13806,13806,4383
73231,46835,46835,26396
56699,49768,49768,6931
56683,55202,55202,1481
14395,21939,14395,0
19831,59117,19831,0
13088,46194,13088,0
30362,16232,16232,14130
69953,22313,22313,47640
68051,16960,16960,51091
47483,27554,27554,19929
38021,6024,6024,31997
39217,29127,29127,10090
4587,16128,4587,0
58034,37316,37316,20718
53753,51984,51984,1769
66135,21597,21597,44538
79019,20286,20286,58733
5827,58276,5827,0
8765,23683,8765,0
18469,26338,18469,0
68042,13533,13533,54509
46887,35635,35635,11252
41316,38935,38935,2381
61996,15537,15537,46459
59454,44768,44768,14686
73582,15583,15583,57999
34062,9855,9855,24207
74883,27806,27806,47077
17368,7076,7076,10292
65331,57439,57439,7892
61928,8023,8023,53905
4111,38467,4111,0
65683,40294,40294,25389
18148,21823,18148,0
54420,36093,36093,18327
15831,42278,15831,0
26116,12321,12321,13795
5207,30095,5207,0
37845,8162,8162,29683
6759,32649,6759,0
74279,18767,18767,55512
70657,56774,56774,13883
4936,59902,4936,0
2069,5561,2069,0
21514,42883,21514,0
20612,49252,20612,0
17645,5888,5888,11757
40720,32003,32003,8717
53254,7574,7574,45680
58469,47747,47747,10722
17680,23514,17680,0
41229,48512,41229,0
17154,19854,17154,0
27982,13827,13827,14155
3883,16181,3883,0
66275,54962,54962,11313
53285,35699,35699,17586
5734,43656,5734,0
76298,55206,55206,21092
71870,48022,48022,23848
60306,31843,31843,28463
52892,54191,52892,0
20993,1999,1999,18994
37709,32943,32943,4766
49131,12461,12461,36670
78031,42516,42516,35515
3012,47500,3012,0
55297,49214,49214,6083
67704,49813,49813,17891
25542,31270,25542,0
64552,27777,27777,36775
6993,813,813,6180
14356,42431,14356,0
54172,20710,20710,33462
42114,24649,24649,17465
30234,22043,22043,8191
55115,5389,5389,49726
42669,48521,42669,0
19042,15706,15706,3336
61841,56522,56522,5319
66464,38131,38131,28333
1014,11457,1014,0
70157,59432,59432,10725
11052,47855,11052,0
55165,2497,2497,52668
58814,44982,44982,13832
8279,12628,8279,0
3605,38971,3605,0
54734,56568,54734,0
78871,11462,11462,67409
77036,36404,36404,40632
28110,58852,28110,0
44342,4989,4989,39353
68152,16006,16006,52146
23626,5052,5052,18574
24152,50914,24152,0
39932,23122,23122,16810
22037,5318,5318,16719
45391,50035,45391,0
72606,7865,7865,64741
41517,15320,15320,26197
1596,44682,1596,0
28476,57511,28476,0
53351,26805,26805,26546
46356,10656,10656,35700
51758,25653,25653,26105
76973,10370,10370,66603
27562,59319,27562,0
61755,26108,26108,35647
30385,19427,19427,10958
59268,19945,19945,39323
56526,34216,34216,22310
68616,57873,57873,10743
57523,50348,50348,7175
23842,45754,23842,0
73445,16329,16329,57116
33191,8089,8089,25102
51642,48309,48309,3333
68629,2469,2469,66160
55975,15948,15948,40027
53174,28604,28604,24570
58008,21981,21981,36027
38866,6576,6576,32290
27322,43166,27322,0
4162,2416,2416,1746
74739,37557,37557,37182
17867,51369,17867,0
20408,30682,20408,0
11063,28693,11063,0
44367,12808,12808,31559
11134,27882,11134,0
45365,15915,15915,29450
31331,33563,31331,0
65958,25390,25390,40568
73450,37309,37309,36141
61113,45792,45792,15321
33311,31128,31128,2183
42636,17407,17407,25229
17356,42850,17356,0
39410,4053,4053,35357
36100,14420,14420,21680
41153,22516,22516,18637
32214,10408,10408,21806
22001,37390,22001,0
38622,2100,2100,36522
68075,31212,31212,36863
4503,25736,4503,0
74189,39340,39340,34849
33768,52168,33768,0
31750,6017,6017,25733
25505,17339,17339,8166
47994,4351,4351,43643
23700,5487,5487,18213
70017,18709,18709,51308
43745,28945,28945,14800
59279,36388,36388,22891
11201,21389,11201,0
17937,59482,17937,0
34612,38919,34612,0
71441,31709,31709,39732
4589,32844,4589,0
17386,17908,17386,0
46970,21282,21282,25688
27113,54237,27113,0
1400,28364,1400,0
68407,19949,19949,48458
49228,4972,4972,44256
24225,22856,22856,1369
8621,32660,8621,0
66818,38944,38944,27874
51987,13836,13836,38151
76034,6804,6804,69230
62276,54879,54879,7397
70477,659,659,69818
78472,36024,36024,42448
20205,56340,20205,0
78971,23991,23991,54980
35873,36436,35873,0
79657,24909,24909,54748
15592,4875,4875,10717
31908,37936,31908,0
72761,39584,39584,33177
72535,53212,53212,19323
67253,17832,17832,49421
77326,38024,38024,39302
23155,12487,12487,10668
66319,3938,3938,62381
41776,56309,41776,0
11764,50476,11764,0
11870,37112,11870,0
38987,35778,35778,3209
3989,25773,3989,0
60774,47495,47495,13279
47951,16945,16945,31006
19919,42019,19919,0
22404,4340,4340,18064
11931,51535,11931,0
79763,42768,42768,36995
50431,37648,37648,12783
2845,41989,2845,0
45615,30267,30267,15348
58990,28664,28664,30326
6830,27927,6830,0
67446,14017,14017,53429
6652,15773,6652,0
36574,18796,18796,17778
31938,3793,3793,28145
79895,55048,55048,24847
25598,46373,25598,0
22688,39313,22688,0
8949,1345,1345,7604
72338,27350,27350,44988
53621,21367,21367,32254
32910,2256,2256,30654
78245,20881,20881,57364
63980,51631,51631,12349
51225,18367,18367,32858
43212,25016,25016,18196
69089,50492,50492,18597
61651,51808,51808,9843
42752,44613,42752,0
13519,46323,13519,0
77664,38068,38068,39596
62063,56691,56691,5372
31416,2308,2308,29108
21344,11423,11423,9921
21445,12489,12489,8956
18334,41306,18334,0
48404,58703,48404,0
77805,39622,39622,38183
57223,43605,43605,13618
2123,12995,2123,0
12995,47728,12995,0
41843,48549,41843,0
4050,51990,4050,0
46411,25728,25728,20683
63046,57361,57361,5685
51658,53832,51658,0
60763,13454,13454,47309
4375,9098,4375,0
47458,28523,28523,18935
56163,37323,37323,18840
24585,30387,24585,0
46527,36335,36335,10192
58431,30449,30449,27982
56162,46161,46161,10001
49626,12614,12614,37012
70679,28076,28076,42603
70769,11781,11781,58988
41632,13671,13671,27961
54660,57878,54660,0
11718,34054,11718,0
6667,48488,6667,0
44169,35100,35100,9069
41082,20381,20381,20701
20854,954,954,19900
38101,42032,38101,0
66444,49148,49148,17296
4735,4350,4350,385
20860,51698,20860,0
43597,28631,28631,14966
44102,33855,33855,10247
64807,27346,27346,37461
13566,43793,13566,0
28545,12910,12910,15635
58140,49745,49745,8395
30732,55918,30732,0
25097,53764,25097,0
72436,15794,15794,56642
42206,39881,39881,2325
26334,35946,26334,0
15578,20496,15578,0
28149,42333,28149,0
42017,52030,42017,0
44045,50040,44045,0
47298,47780,47298,0
15283,23677,15283,0
37677,17467,17467,20210
56389,25800,25800,30589
18899,48283,18899,0
64382,27986,27986,36396
17018,57105,17018,0
26472,53252,26472,0
8419,43843,8419,0
34256,4153,4153,30103
17286,34431,17286,0
11265,12241,11265,0
13306,50360,13306,0
74709,57882,57882,16827
60153,33759,33759,26394
45634,49845,45634,0
27131,30471,27131,0
64164,19574,19574,44590
1455,13569,1455,0
71114,51794,51794,19320
41297,50923,41297,0
45803,28122,28122,17681
3506,39638,3506,0
32015,50191,32015,0
71515,47438,47438,24077
67111,49172,49172,17939
1161,26462,1161,0
45722,47278,45722,0
79878,33564,33564,46314
68012,21043,21043,46969
2222,20603,2222,0
45092,28022,28022,17070
36228,44380,36228,0
5142,53393,5142,0
43469,8923,8923,34546
24271,33594,24271,0
70369,19256,19256,51113
62469,6396,6396,56073
71189,41596,41596,29593
29886,41685,29886,0
24182,43145,24182,0
24462,36551,24462,0
13914,46788,13914,0
42053,37498,37498,4555
6568,46508,6568,0
79488,40555,40555,38933
74961,12910,12910,62051
49635,7768,7768,41867
34485,18995,18995,15490
60802,6660,6660,54142
40237,34460,34460,5777
26623,22428,22428,4195
5419,59542,5419,0
76046,3355,3355,72691
42884,37830,37830,5054
77469,59857,59857,17612
16329,49076,16329,0
67569,39723,39723,27846
18843,18378,18378,465
36085,16799,16799,19286
51417,15288,15288,36129
53125,22197,22197,30928
10192,11187,10192,0
58293,40222,40222,18071
66855,31246,31246,35609
41654,1354,1354,40300
24990,48288,24990,0
18700,21752,18700,0
25386,27265,25386,0
34242,30186,30186,4056
29196,59845,29196,0
7249,18752,7249,0
70729,20511,20511,50218
52970,37676,37676,15294
60608,32107,32107,28501
5715,37693,5715,0
13023,59202,13023,0
17426,54556,17426,0
21672,59296,21672,0
51100,57336,51100,0
69389,51013,51013,18376
27807,52996,27807,0
41350,19564,19564,21786
3025,28191,3025,0
51898,5369,5369,46529
44199,48228,44199,0
58690,17753,17753,40937
1184,46940,1184,0
6356,6888,6356,0
9655,20941,9655,0
9945,39112,9945,0
50502,39350,39350,11152
50479,24325,24325,26154
40601,58022,40601,0
70613,28903,28903,41710
41948,336,336,41612
32550,46537,32550,0
30243,59063,30243,0
47423,50793,47423,0
77038,225,225,76813
40496,33236,33236,7260
31061,57380,31061,0
37033,7023,7023,30010
25246,19752,19752,5494
72513,27322,27322,45191
24623,10921,10921,13702
4546,22851,4546,0
11295,40821,11295,0
15821,52358,15821,0
78591,59808,59808,18783
76625,13458,13458,63167
7919,41107,7919,0
15714,51927,15714,0
5557,11027,5557,0
27815,40905,27815,0
34635,7304,7304,27331
61688,51380,51380,10308
61638,40083,40083,21555
66646,34809,34809,31837
51066,36457,36457,14609
39448,28229,28229,11219
76388,12832,12832,63556
50660,56521,50660,0
51337,16617,16617,34720
41322,17981,17981,23341
38079,55604,38079,0
5414,46922,5414,0
8592,29652,8592,0
69358,58334,58334,11024
59613,30495,30495,29118
5307,21149,5307,0
33530,7220,7220,26310
36339,57399,36339,0
2671,7645,2671,0
50030,19812,19812,30218
40825,11301,11301,29524
25314,1428,1428,23886
37183,13744,13744,23439
68573,32021,32021,36552
4841,2475,2475,2366
55823,21277,21277,34546
62383,10436,10436,51947
50991,51359,50991,0
62588,12994,12994,49594
48703,49217,48703,0
78353,29279,29279,49074
64880,56641,56641,8239
22481,13618,13618,8863
47536,13212,13212,34324
36359,57844,36359,0
66831,50616,50616,16215
56339,52343,52343,3996
11837,23349,11837,0
46205,5071,5071,41134
20597,2211,2211,18386
28182,59598,28182,0
72274,31130,31130,41144
77568,52316,52316,25252
26764,51183,26764,0
22253,57952,22253,0
68347,42741,42741,25606
36134,3639,3639,32495
54967,34243,34243,20724
58106,28219,28219,29887
59918,15650,15650,44268
55608,50094,50094,5514
36827,13041,13041,23786
1686,24127,1686,0
21918,35508,21918,0
46090,44687,44687,1403
57425,45371,45371,12054
67091,6595,6595,60496
37907,8186,8186,29721
40828,22533,22533,18295
69884,42368,42368,27516
47055,36331,36331,10724
44010,37046,37046,6964
46898,22613,22613,24285
25305,57143,25305,0
45209,1239,1239,43970
37717,58703,37717,0
24151,1144,1144,23007
66586,25399,25399,41187
4929,28105,4929,0
23012,54681,23012,0
74969,58405,58405,16564
38848,20073,20073,18775
21393,58238,21393,0
16509,52545,16509,0
73734,3512,3512,70222
54355,42947,42947,11408
3402,6114,3402,0
70054,52808,52808,17246
66201,49125,49125,17076
61622,1657,1657,59965
9783,50983,9783,0
72658,49411,49411,23247
75785,52234,52234,23551
31227,12982,12982,18245
28617,56433,28617,0
6323,9614,6323,0
15788,50055,15788,0
76188,16083,16083,60105
63519,26666,26666,36853
77887,37029,37029,40858
68572,13735,13735,54837
68979,36011,36011,32968
47965,30301,30301,17664
45435,47533,45435,0
4328,27083,4328,0
38057,45207,38057,0
21305,3247,3247,18058
70319,52532,52532,17787
72421,53996,53996,18425
55594,8747,8747,46847
39275,34508,34508,4767
28135,1087,1087,27048
57060,50234,50234,6826
10596,2238,2238,8358
48433,39316,39316,9117
48379,16478,16478,31901
48139,31802,31802,16337
34339,35674,34339,0
39137,33893,33893,5244
46757,31653,31653,15104
20442,5800,5800,14642
3414,24460,3414,0
46654,3666,3666,42988
48284,30366,30366,17918
52571,47393,47393,5178
63440,26777,26777,36663
75580,38047,38047,37533
19986,10018,10018,9968
20379,9882,9882,10497
32123,12114,12114,20009
21845,32310,21845,0
24462,37684,24462,0
70894,44777,44777,26117
2528,6929,2528,0
54856,11867,11867,42989
67304,14906,14906,52398
39110,9167,9167,29943
11357,4997,4997,6360
13536,2202,2202,11334
55338,18300,18300,37038
24676,24116,24116,560
12309,47319,12309,0
17040,23157,17040,0
52996,30366,30366,22630
47220,39771,39771,7449
23298,18798,18798,4500
70282,48235,48235,22047
59696,29717,29717,29979
64007,56125,56125,7882
67092,24797,24797,42295
53457,43298,43298,10159
49983,7020,7020,42963
7142,17672,7142,0
23643,4523,4523,19120
35989,33590,33590,2399
48631,14526,14526,34105
48805,23928,23928,24877
36564,39397,36564,0
54181,25084,25084,29097
3224,7112,3224,0
34115,2603,2603,31512
17425,48808,17425,0
6687,7887,6687,0
79585,27729,27729,51856
12453,30208,12453,0
60876,10643,10643,50233
74212,25705,25705,48507
53489,39054,39054,14435
40037,44859,40037,0
17906,20506,17906,0
65381,44629,44629,20752
28767,15954,15954,12813
48645,42217,42217,6428
21036,45585,21036,0
68520,57163,57163,11357
12045,26064,12045,0
52467,6310,6310,46157
63637,58990,58990,4647
40330,9783,9783,30547
60471,5974,5974,54497
28366,22475,22475,5891
7259,41519,7259,0
54862,11252,11252,43610
16271,10971,10971,5300
9988,3871,3871,6117
61892,56871,56871,5021
46611,39814,39814,6797
51257,38590,38590,12667
14620,14660,14620,0
27905,25301,25301,2604
25076,25146,25076,0
65922,3730,3730,62192
53140,55875,53140,0
51682,32616,32616,19066
12650,35982,12650,0
3338,34679,3338,0
34894,30201,30201,4693
18301,11492,11492,6809
19453,39887,19453,0
40062,12961,12961,27101
12022,37232,12022,0
34422,6421,6421,28001
18159,50275,18159,0
72577,16995,16995,55582
31905,8363,8363,23542
32618,53196,32618,0
51456,546,546,50910
54366,52560,52560,1806
12136,19909,12136,0
54921,7824,7824,47097
32202,24473,24473,7729
37293,38372,37293,0
70450,21569,21569,48881
32142,30554,30554,1588
77874,16173,16173,61701
76585,38327,38327,38258
31544,39756,31544,0
49933,43678,43678,6255
28139,54994,28139,0
19940,16455,16455,3485
68964,49182,49182,19782
21630,7943,7943,13687
14513,53408,14513,0
50591,55201,50591,0
73297,4285,4285,69012
58160,18244,18244,39916
33769,57074,33769,0
78855,46614,46614,32241
23081,32873,23081,0
25148,56388,25148,0
46742,24142,24142,22600
49752,53564,49752,0
71314,5364,5364,65950
73418,15464,15464,57954
61927,45500,45500,16427
13908,3274,3274,10634
51796,13852,13852,37944
55672,2986,2986,52686
23912,29281,23912,0
60653,52446,52446,8207
60086,13988,13988,46098
59260,51284,51284,7976
60207,30339,30339,29868
21548,59809,21548,0
77106,52348,52348,24758
14179,27409,14179,0
36786,11134,11134,25652
65588,6749,6749,58839
28921,40430,28921,0
61127,15912,15912,45215
31900,21457,21457,10443
68937,33675,33675,35262
3620,30028,3620,0
65997,47838,47838,18159
46179,16913,16913,29266
13770,24200,13770,0
64140,20790,20790,43350
14057,41327,14057,0
46501,30703,30703,15798
59654,14393,14393,45261
5555,40189,5555,0
14409,9738,9738,4671
32364,42103,32364,0
14213,21669,14213,0
10122,15781,10122,0
71790,7999,7999,63791
62824,38379,38379,24445
11445,54808,11445,0
40470,15119,15119,25351
17383,41605,17383,0
74466,41336,41336,33130
27425,17756,17756,9669
15466,57589,15466,0
30110,24217,24217,5893
58403,33653,33653,24750
8955,55876,8955,0
3627,27842,3627,0
32260,18465,18465,13795
35945,4716,4716,31229
39868,29669,29669,10199
2611,28250,2611,0
47417,28265,28265,19152
6185,12490,6185,0
24285,43255,24285,0
4711,48092,4711,0
28917,2420,2420,26497
46701,46426,46426,275
34200,57385,34200,0
27504,36103,27504,0
11875,8511,8511,3364
20401,55769,20401,0
66916,46153,46153,20763
6284,14445,6284,0
18500,24815,18500,0
30344,58624,30344,0
41759,33771,33771,7988
28980,10525,10525,18455
22483,2597,2597,19886
10576,12132,10576,0
76723,59868,59868,16855
43825,53055,43825,0
38748,37860,37860,888
39680,58795,39680,0
30833,38472,30833,0
24591,51814,24591,0
42178,55906,42178,0
8677,54867,8677,0
36982,43615,36982,0
41278,31583,31583,9695
43927,25469,25469,18458
35993,50411,35993,0
50322,38210,38210,12112
3651,41000,3651,0
69644,8906,8906,60738
27989,21036,21036,6953
71126,53266,53266,17860
31257,38905,31257,0
78902,35380,35380,43522
11890,49815,11890,0
78635,52243,52243,26392
31221,14470,14470,16751
66156,15199,15199,50957
16172,20290,16172,0
54490,17247,17247,37243
49934,21075,21075,28859
58190,23564,23564,34626
65356,20379,20379,44977
11427,22262,11427,0
30666,5622,5622,25044
64533,7236,7236,57297
22791,26033,22791,0
51943,51314,51314,629
69273,18971,18971,50302
18003,26871,18003,0
32233,2719,2719,29514
30383,50419,30383,0
23757,6549,6549,17208
25757,8665,8665,17092
28751,59491,28751,0
72071,4633,4633,67438
41465,50996,41465,0
79427,30179,30179,49248
56621,45911,45911,10710
11805,7067,7067,4738
53336,5099,5099,48237
22661,24399,22661,0
75628,30631,30631,44997
5921,25574,5921,0
31233,27117,27117,4116
77106,24380,24380,52726
49276,21314,21314,27962
29894,12304,12304,17590
3246,8497,3246,0
9600,23383,9600,0
1099,16408,1099,0
63527,2071,2071,61456
49362,39947,39947,9415
53988,52465,52465,1523
28758,27237,27237,1521
36445,8263,8263,28182
76348,32408,32408,43940
65778,2201,2201,63577
9447,25936,9447,0
29185,12094,12094,17091
76392,45841,45841,30551
38653,121,121,38532
16556,28728,16556,0
44052,24878,24878,19174
22665,6445,6445,16220
40547,21147,21147,19400
34593,6110,6110,28483
22466,28567,22466,0
25915,45205,25915,0
16522,43498,16522,0
48387,49721,48387,0
71671,10848,10848,60823
2063,19945,2063,0
63736,20063,20063,43673
29439,34629,29439,0
75515,41344,41344,34171
40675,40517,40517,158
67830,46863,46863,20967
37279,6989,6989,30290
36823,49478,36823,0
68383,3757,3757,64626
75001,39266,39266,35735
44756,32828,32828,11928
27759,41039,27759,0
2891,53193,2891,0
33637,30595,30595,3042
11935,2889,2889,9046
24315,52382,24315,0
47646,43879,43879,3767
63924,26571,26571,37353
61601,42079,42079,19522
27456,22398,22398,5058
43380,32100,32100,11280
43025,37480,37480,5545
70851,43163,43163,27688
38709,9765,9765,28944
32177,17516,17516,14661
79451,29380,29380,50071
1741,11413,1741,0
44908,3394,3394,41514
30263,8543,8543,21720
24656,44364,24656,0
29746,26051,26051,3695
26561,56205,26561,0
62899,44563,44563,18336
14814,40438,14814,0
14145,47280,14145,0
56945,24270,24270,32675
70584,56574,56574,14010
46424,6960,6960,39464
79170,57526,57526,21644
65972,33058,33058,32914
72690,4932,4932,67758
63922,53120,53120,10802
1138,50991,1138,0
46894,23006,23006,23888
53787,13766,13766,40021
53739,7807,7807,45932
42533,28699,28699,13834
26102,25703,25703,399
3011,10264,3011,0
32543,38067,32543,0
16212,25480,16212,0
48311,31490,31490,16821
62791,56612,56612,6179
42772,30431,30431,12341
44686,41911,41911,2775
46583,41124,41124,5459
36686,21190,21190,15496
55198,34650,34650,20548
32667,16889,16889,15778
75683,52426,52426,23257
8715,38091,8715,0
76147,49424,49424,26723
27136,29262,27136,0
17293,38065,17293,0
50546,37493,37493,13053
49766,55984,49766,0
39026,16136,16136,22890
13506,17634,13506,0
26854,50712,26854,0
1633,27528,1633,0
16998,15921,15921,1077
43194,55873,43194,0
9189,56876,9189,0
1809,36766,1809,0
35657,47476,35657,0
42097,6246,6246,35851
7804,38660,7804,0
71781,9318,9318,62463
15030,28842,15030,0
2352,35018,2352,0
76564,904,904,75660
69004,55157,55157,13847
79044,28989,28989,50055
37568,24347,24347,13221
77926,27953,27953,49973
21787,10578,10578,11209
71826,6397,6397,65429
53468,30291,30291,23177
64308,39528,39528,24780
76786,53050,53050,23736
34336,50166,34336,0
43958,49075,43958,0
31648,7637,7637,24011
69358,2960,2960,66398
29956,55273,29956,0
18188,34520,18188,0
25291,49028,25291,0
9432,158,158,9274
9013,31368,9013,0
69968,57590,57590,12378
39794,45110,39794,0
9492,53698,9492,0
41334,9830,9830,31504
6395,6879,6395,0
40968,35599,35599,5369
47036,655,655,46381
40579,12794,12794,27785
4835,6858,4835,0
58346,12609,12609,45737
51323,6320,6320,45003
58877,12315,12315,46562
9706,53641,9706,0
60889,35202,35202,25687
60589,14447,14447,46142
59707,25450,25450,34257
33277,15944,15944,17333
4580,37817,4580,0
9526,27186,9526,0
39378,55641,39378,0
62766,40196,40196,22570
57353,38744,38744,18609
45168,43722,43722,1446
42768,27756,27756,15012
51350,33378,33378,17972
11326,50350,11326,0
52513,3054,3054,49459
10043,13124,10043,0
27489,37955,27489,0
33528,24033,24033,9495
30303,52323,30303,0
26353,55864,26353,0
55743,24605,24605,31138
18877,10009,10009,8868
20776,46697,20776,0
29702,50312,29702,0
58830,51233,51233,7597
36028,23817,23817,12211
67680,28854,28854,38826
60319,55017,55017,5302
55279,30368,30368,24911
17869,47705,17869,0
9452,54954,9452,0
14811,9269,9269,5542
31594,28088,28088,3506
64295,4737,4737,59558
40396,51997,40396,0
15818,52528,15818,0
62663,21140,21140,41523
50238,9464,9464,40774
6519,44947,6519,0
41525,24881,24881,16644
64749,12833,12833,51916
70474,43750,43750,26724
4563,57792,4563,0
56616,57317,56616,0
13103,18673,13103,0
66687,23454,23454,43233
48573,31677,31677,16896
61833,25213,25213,36620
24262,49336,24262,0
8428,24426,8428,0
50917,56972,50917,0
4105,41830,4105,0
3098,37428,3098,0
24875,2653,2653,22222
39250,55903,39250,0
42293,16417,16417,25876
58068,3326,3326,54742
16720,74,74,16646
43198,3423,3423,39775
28649,29816,28649,0
6500,45862,6500,0
69886,44985,44985,24901
55944,49777,49777,6167
79654,6166,6166,73488
63693,58093,58093,5600
6669,23990,6669,0
55770,31925,31925,23845
33634,37279,33634,0
37754,785,785,36969
30469,801,801,29668
75825,31766,31766,44059
64616,32586,32586,32030
17857,51914,17857,0
48782,6612,6612,42170
36167,23550,23550,12617
50604,2893,2893,47711
63655,1010,1010,62645
58896,57578,57578,1318
3340,29707,3340,0
20768,53558,20768,0
79713,23922,23922,55791
54783,12036,12036,42747
28199,55457,28199,0
19111,39363,19111,0
27460,24092,24092,3368
79026,7937,7937,71089
30149,1335,1335,28814
74106,37953,37953,36153
26313,14777,14777,11536
76898,38621,38621,38277
66724,39984,39984,26740
55464,6159,6159,49305
11487,2017,2017,9470
69837,4614,4614,65223
72063,16483,16483,55580
42365,54170,42365,0
16614,32798,16614,0
65864,25478,25478,40386
6878,47736,6878,0
69299,38508,38508,30791
4763,49360,4763,0
25349,50587,25349,0
71709,51032,51032,20677
77784,34739,34739,43045
50440,10245,10245,40195
34468,13271,13271,21197
7145,36138,7145,0
11903,34026,11903,0
16489,32687,16489,0
24575,30193,24575,0
28604,10111,10111,18493
54769,42325,42325,12444
27088,9759,9759,17329
38205,51594,38205,0
58893,58423,58423,470
66950,39156,39156,27794
37217,14129,14129,23088
9464,2657,2657,6807
55732,5218,5218,50514
71031,33699,33699,37332
53702,44722,44722,8980
26054,39251,26054,0
41692,55023,41692,0
15049,16763,15049,0
32900,48435,32900,0
59171,1055,1055,58116
40024,49347,40024,0
64436,54134,54134,10302
33256,35671,33256,0
15400,43181,15400,0
50474,17367,17367,33107
59869,24811,24811,35058
60339,5394,5394,54945
76294,28098,28098,48196
9602,48319,9602,0
46145,57610,46145,0
58634,43074,43074,15560
43377,51753,43377,0
3813,48747,3813,0
53136,38913,38913,14223
50527,39990,39990,10537
39080,26286,26286,12794
75439,3855,3855,71584
56103,45995,45995,10108
18058,38418,18058,0
13745,26628,13745,0
45790,42679,42679,3111
77767,41506,41506,36261
38553,39628,38553,0
9991,8257,8257,1734
47461,2636,2636,44825
21961,28611,21961,0
79051,28892,28892,50159
14743,42187,14743,0
3811,1402,1402,2409
19963,28696,19963,0
54394,41213,41213,13181
79513,13027,13027,66486
11284,20273,11284,0
18742,4014,4014,14728
76298,2315,2315,73983
63275,39837,39837,23438
79176,51281,51281,27895
35984,15246,15246,20738
43582,54052,43582,0
77212,53948,53948,23264
55536,2945,2945,52591
18397,18594,18397,0
55951,19137,19137,36814
51774,33224,33224,18550
12595,49857,12595,0
23679,12781,12781,10898
45628,17546,17546,28082
25333,49400,25333,0
33892,4451,4451,29441
55138,35361,35361,19777
69822,43968,43968,25854
56976,872,872,56104
74134,50720,50720,23414
35180,4853,4853,30327
19707,23595,19707,0
19334,295,295,19039
48544,16671,16671,31873
70653,39777,39777,30876
79588,25081,25081,54507
34360,23755,23755,10605
21872,44085,21872,0
25328,28354,25328,0
9280,15033,9280,0
61411,37043,37043,24368
21334,14713,14713,6621
15193,49996,15193,0
47592,12314,12314,35278
67447,16965,16965,50482
67330,35776,35776,31554
31182,46445,31182,0
69762,58798,58798,10964
28671,58023,28671,0
66014,44287,44287,21727
72402,34679,34679,37723
70709,47636,47636,23073
4086,28021,4086,0
61384,18825,18825,42559
43497,12375,12375,31122
76237,43590,43590,32647
54220,16371,16371,37849
70489,34386,34386,36103
37729,3880,3880,33849
20806,26119,20806,0
66476,2612,2612,63864
46509,4147,4147,42362
22140,28877,22140,0
5733,38730,5733,0
5419,56441,5419,0
55001,52958,52958,2043
58305,10358,10358,47947
49460,47398,47398,2062
61574,19675,19675,41899
28334,56612,28334,0
37788,34652,34652,3136
15471,5429,5429,10042
15025,2996,2996,12029
23714,52514,23714,0
28687,16388,16388,12299
30272,44748,30272,0
75053,27139,27139,47914
42787,48025,42787,0
79304,34657,34657,44647
14526,35874,14526,0
12831,36662,12831,0
38988,54860,38988,0
40995,58930,40995,0
48542,53977,48542,0
74463,11084,11084,63379
75746,47876,47876,27870
57372,23609,23609,33763
49636,35130,35130,14506
77378,46201,46201,31177
1556,9340,1556,0
30979,22754,22754,8225
60266,17872,17872,42394
78663,18725,18725,59938
75553,54023,54023,21530
66948,35927,35927,31021
8746,28415,8746,0
14817,12877,12877,1940
66318,18678,18678,47640
31292,15315,15315,15977
65368,46415,46415,18953
60673,11892,11892,48781
21645,8324,8324,13321
47251,53853,47251,0
60814,9532,9532,51282
15402,31698,15402,0
19016,22257,19016,0
36761,57334,36761,0
14852,34649,14852,0
30411,30865,30411,0
26873,38455,26873,0
17936,7817,7817,10119
26775,26288,26288,487
41309,15283,15283,26026
33048,21864,21864,11184
3371,58918,3371,0
28791,58985,28791,0
16045,43097,16045,0
72531,49772,49772,22759
78754,9723,9723,69031
33147,6144,6144,27003
67301,37935,37935,29366
43999,42168,42168,1831
77569,2460,2460,75109
56294,46322,46322,9972
19617,7545,7545,12072
57675,2275,2275,55400
45053,27501,27501,17552
28840,37956,28840,0
17957,54602,17957,0
17992,32759,17992,0
26020,7273,7273,18747
19353,31092,19353,0
65308,15768,15768,49540
45109,44491,44491,618
29181,13794,13794,15387
48036,30302,30302,17734
3223,49243,3223,0
73005,56471,56471,16534
26074,8044,8044,18030
20153,14186,14186,5967
75326,36112,36112,39214
53836,16013,16013,37823
72221,13675,13675,58546
31942,27014,27014,4928
5378,6482,5378,0
36451,43058,36451,0
5921,28508,5921,0
33115,10294,10294,22821
77208,49283,49283,27925
22130,58393,22130,0
27005,16482,16482,10523
12324,37214,12324,0
29430,54679,29430,0
14474,35100,14474,0
18662,47204,18662,0
76720,42962,42962,33758
36796,54197,36796,0
45248,33801,33801,11447
30110,21650,21650,8460
33398,50406,33398,0
44294,40718,40718,3576
31508,30292,30292,1216
56724,23250,23250,33474
68558,44044,44044,24514
38051,16922,16922,21129
20767,47165,20767,0
15995,11908,11908,4087
33779,31842,31842,1937
31289,26128,26128,5161
47505,19919,19919,27586
15020,54715,15020,0
14067,46077,14067,0
46563,49631,46563,0
61534,20902,20902,40632
47477,38964,38964,8513
51542,724,724,50818
55124,53166,53166,1958
46000,25766,25766,20234
48368,31199,31199,17169
29048,1283,1283,27765
19716,14586,14586,5130
30741,56485,30741,0
42403,30034,30034,12369
11304,35804,11304,0
30355,36092,30355,0
45852,30818,30818,15034
39588,12513,12513,27075
41489,17875,17875,23614
37109,52774,37109,0
13764,6015,6015,7749
48700,10961,10961,37739
45985,3313,3313,42672
34841,32713,32713,2128
24909,23539,23539,1370
23089,48021,23089,0
76003,20480,20480,55523
65898,27845,27845,38053
62086,2743,2743,59343
6514,29736,6514,0
13686,8728,8728,4958
71611,12080,12080,59531
10014,35253,10014,0
45210,12692,12692,32518
62740,33846,33846,28894
66878,22556,22556,44322
33479,5677,5677,27802
13388,10411,10411,2977
3225,33310,3225,0
53127,29727,29727,23400
56578,2443,2443,54135
11009,12804,11009,0
71259,244,244,71015
65901,40792,40792,25109
1968,21910,1968,0
76952,28984,28984,47968
28751,20010,20010,8741
47961,10370,10370,37591
25779,42217,25779,0
28167,30111,28167,0
31682,31832,31682,0
67396,2000,2000,65396
72446,14297,14297,58149
52970,20763,20763,32207
79127,54265,54265,24862
45852,48466,45852,0
51885,9722,9722,42163
6343,38476,6343,0
13489,23758,13489,0
61020,58008,58008,3012
33281,37218,33281,0
43025,47660,43025,0
23476,21256,21256,2220
37473,43409,37473,0
17966,26670,17966,0
37041,319,319,36722
71920,55426,55426,16494
72787,40823,40823,31964
21462,53319,21462,0
40961,7493,7493,33468
55814,16755,16755,39059
28569,38257,28569,0
5485,56515,5485,0
35118,17939,17939,17179
64708,19098,19098,45610
36114,35508,35508,606
37353,35996,35996,1357
77225,26445,26445,50780
32001,37517,32001,0
36351,1789,1789,34562
46728,23991,23991,22737
23005,32570,23005,0
66233,52808,52808,13425
35953,48284,35953,0
70706,34922,34922,35784
24460,59040,24460,0
41693,58865,41693,0
4693,28149,4693,0
39561,26182,26182,13379
67058,40641,40641,26417
55471,15622,15622,39849
34953,50765,34953,0
40197,5565,5565,34632
33066,53721,33066,0
48178,54243,48178,0
7792,42390,7792,0
40622,49467,40622,0
36067,36517,36067,0
37485,24648,24648,12837
17114,6135,6135,10979
67157,30074,30074,37083
53589,19531,19531,34058
67071,56845,56845,10226
78266,55902,55902,22364
51680,21537,21537,30143
27183,38211,27183,0
76328,20666,20666,55662
4114,56280,4114,0
12976,9201,9201,3775
40312,33123,33123,7189
40324,22088,22088,18236
59729,12928,12928,46801
15401,28555,15401,0
30865,38000,30865,0
79033,9948,9948,69085
23634,38798,23634,0
53555,56807,53555,0
75696,16650,16650,59046
32910,31987,31987,923
62871,10267,10267,52604
70558,28876,28876,41682
31367,45118,31367,0
64204,19464,19464,44740
73751,18493,18493,55258
46066,15830,15830,30236
32139,30629,30629,1510
50303,38647,38647,11656
57286,35380,35380,21906
26950,8618,8618,18332
75284,34744,34744,40540
39259,38243,38243,1016
22534,54514,22534,0
5948,26409,5948,0
11584,44693,11584,0
30942,21260,21260,9682
26956,34623,26956,0
55757,10708,10708,45049
45621,42286,42286,3335
29237,2662,2662,26575
74732,8205,8205,66527
78814,51339,51339,27475
37874,57668,37874,0
72782,10302,10302,62480
66173,10668,10668,55505
46676,39344,39344,7332
14853,57290,14853,0
30269,14504,14504,15765
72892,24048,24048,48844
40824,54730,40824,0
32075,2618,2618,29457
63255,38115,38115,25140
21952,14476,14476,7476
67397,56530,56530,10867
36145,45586,36145,0
79104,48679,48679,30425
43062,32376,32376,10686
49700,49582,49582,118
68081,19276,19276,48805
70168,41389,41389,28779
17436,33297,17436,0
42450,43606,42450,0
76099,49742,49742,26357
48901,31493,31493,17408
31913,24831,24831,7082
38822,10914,10914,27908
11684,33529,11684,0
36495,58075,36495,0
19545,54156,19545,0
48850,25889,25889,22961
10231,32948,10231,0
79288,34198,34198,45090
2663,58963,2663,0
4713,26920,4713,0
40716,40184,40184,532
74738,6646,6646,68092
50411,22328,22328,28083
76830,4000,4000,72830
24742,24078,24078,664
62358,3389,3389,58969
8872,37352,8872,0
65405,45786,45786,19619
3581,43455,3581,0
76493,12335,12335,64158
22019,45099,22019,0
73024,35359,35359,37665
72292,56527,56527,15765
12310,41901,12310,0
64884,34029,34029,30855
7881,7882,7881,0
25156,34874,25156,0
13412,32509,13412,0
63440,31677,31677,31763
57496,738,738,56758
49146,10898,10898,38248
34267,41157,34267,0
60660,59159,59159,1501
37427,29945,29945,7482
31125,17096,17096,14029
45520,52426,45520,0
68174,33712,33712,34462
31650,1034,1034,30616
29385,10967,10967,18418
31365,26573,26573,4792
47183,59874,47183,0
59362,55759,55759,3603
62011,8483,8483,53528
12165,34574,12165,0
77973,38263,38263,39710
43413,20671,20671,22742
26443,46756,26443,0
1346,28723,1346,0
12034,37432,12034,0
19905,20399,19905,0
18999,57373,18999,0
49946,57889,49946,0
58050,27463,27463,30587
39283,23499,23499,15784
77748,32896,32896,44852
27631,32018,27631,0
54360,5706,5706,48654
28258,57396,28258,0
18163,30209,18163,0
22431,44756,22431,0
66107,51929,51929,14178
55839,58260,55839,0
67474,30299,30299,37175
45185,54591,45185,0
2637,50860,2637,0
50504,174,174,50330
14662,12893,12893,1769
21450,56298,21450,0
38071,8528,8528,29543
55373,41161,41161,14212
69686,54591,54591,15095
50970,20400,20400,30570
72928,22670,22670,50258
22121,33442,22121,0
45925,46709,45925,0
49852,12969,12969,36883
9794,6348,6348,3446
77488,4088,4088,73400
14955,8259,8259,6696
12005,49851,12005,0
17506,34474,17506,0
22506,6740,6740,15766
31801,25410,25410,6391
52933,33673,33673,19260
60922,51690,51690,9232
76994,58186,58186,18808
6735,48289,6735,0
2769,44144,2769,0
12679,48167,12679,0
10053,13324,10053,0
50423,43095,43095,7328
40596,26199,26199,14397
6125,38964,6125,0
78966,47196,47196,31770
59540,16710,16710,42830
6573,41774,6573,0
5666,54463,5666,0
41865,24670,24670,17195
40665,99,99,40566
34100,19050,19050,15050
53220,50732,50732,2488
38307,32864,32864,5443
24178,34406,24178,0
17286,12811,12811,4475
9116,36585,9116,0
60124,11054,11054,49070
73148,12539,12539,60609
34620,28413,28413,6207
58787,27673,27673,31114
48413,23360,23360,25053
6361,15689,6361,0
74722,20299,20299,54423
28971,54176,28971,0
9930,1062,1062,8868
62346,19978,19978,42368
79351,27208,27208,52143
76833,49362,49362,27471
29213,27831,27831,1382
14251,4989,4989,9262
51631,45638,45638,5993
73949,25935,25935,48014
12805,46905,12805,0
7370,48167,7370,0
57797,49575,49575,8222
22461,31326,22461,0
47352,11473,11473,35879
1771,46631,1771,0
40157,24589,24589,15568
5630,47628,5630,0
51257,42521,42521,8736
43941,55679,43941,0
10675,3097,3097,7578
29835,58717,29835,0
20049,24303,20049,0
37164,20664,20664,16500
10666,18279,10666,0
10751,32727,10751,0
22691,41253,22691,0
20767,41872,20767,0
7515,3480,3480,4035
39618,59126,39618,0
58257,42577,42577,15680
66491,54930,54930,11561
42988,47755,42988,0
17499,51791,17499,0
52158,21358,21358,30800
20560,8340,8340,12220
31203,24990,24990,6213
8689,620,620,8069
1557,59561,1557,0
49464,5634,5634,43830
73378,56037,56037,17341
76120,49731,49731,26389
36272,33916,33916,2356
60140,25737,25737,34403
55611,8190,8190,47421
77980,39011,39011,38969
43420,47381,43420,0
11080,51117,11080,0
8542,48618,8542,0
26663,34021,26663,0
48421,44479,44479,3942
20536,31389,20536,0
5947,52700,5947,0
37337,40062,37337,0
10174,59981,10174,0
47622,29664,29664,17958
32423,16979,16979,15444
16447,48685,16447,0
34863,48848,34863,0
46304,28509,28509,17795
49054,14955,14955,34099
40823,3948,3948,36875
16131,39494,16131,0
4337,24268,4337,0
11202,5420,5420,5782
51434,31584,31584,19850
64390,18688,18688,45702
9758,49028,9758,0
12619,28263,12619,0
6454,33853,6454,0
36741,22540,22540,14201
19842,46280,19842,0
5849,21160,5849,0
53466,10224,10224,43242
53765,5800,5800,47965
49813,41630,41630,8183
2577,58260,2577,0
48050,35753,35753,12297
25989,52209,25989,0
65496,37516,37516,27980
53107,39447,39447,13660
5187,484,484,4703
43062,55143,43062,0
45792,23910,23910,21882
1427,31713,1427,0
67148,28428,28428,38720
28666,53050,28666,0
5807,44522,5807,0
39332,24609,24609,14723
78760,8912,8912,69848
58341,24348,24348,33993
70783,38673,38673,32110
66470,18625,18625,47845
78827,29678,29678,49149
4938,28244,4938,0
58259,10488,10488,47771
25846,21427,21427,4419
76633,27746,27746,48887
46260,59042,46260,0
19186,6661,6661,12525
58418,44545,44545,13873
15012,5402,5402,9610
33992,41922,33992,0
41543,16313,16313,25230
25922,32484,25922,0
24150,17057,17057,7093
51416,46836,46836,4580
72108,41353,41353,30755
79260,57897,57897,21363
32908,22015,22015,10893
28381,14953,14953,13428
3820,7634,3820,0
59143,54090,54090,5053
54339,2173,2173,52166
65860,14577,14577,51283
69556,46890,46890,22666
52075,53116,52075,0
65995,12324,12324,53671
49857,46063,46063,3794
57440,53347,53347,4093
23213,54081,23213,0
12012,33176,12012,0
28800,47012,28800,0
1177,56922,1177,0
25267,6220,6220,19047
72120,56940,56940,15180
68730,45270,45270,23460
10092,37745,10092,0
63497,3615,3615,59882
24323,8039,8039,16284
36584,18842,18842,17742
27193,41450,27193,0
47804,40311,40311,7493
55856,1061,1061,54795
47234,19177,19177,28057
79717,50680,50680,29037
59986,51791,51791,8195
7363,3384,3384,3979
68478,11618,11618,56860
56693,8240,8240,48453
52490,8028,8028,44462
2561,32491,2561,0
42852,57634,42852,0
50412,18674,18674,31738
13820,20549,13820,0
52351,29123,29123,23228
25064,14884,14884,10180
39689,47227,39689,0
30126,12031,12031,18095
41270,1340,1340,39930
72164,9860,9860,62304
55901,2091,2091,53810
4245,26921,4245,0
20615,57800,20615,0
20665,25158,20665,0
26447,30144,26447,0
79463,20806,20806,58657
47636,40352,40352,7284
13209,57281,13209,0
70224,41017,41017,29207
28162,20919,20919,7243
13284,46879,13284,0
62781,16741,16741,46040
64582,27037,27037,37545
31407,14654,14654,16753
68102,27912,27912,40190
37493,21414,21414,16079
67875,59821,59821,8054
38214,50939,38214,0
65073,29538,29538,35535
59026,48139,48139,10887
31570,7820,7820,23750
33336,2932,2932,30404
55342,14512,14512,40830
5394,25960,5394,0
68188,41923,41923,26265
77741,48464,48464,29277
35604,3563,3563,32041
23126,47336,23126,0
66390,45786,45786,20604
59452,44920,44920,14532
61119,57523,57523,3596
44396,28138,28138,16258
10739,8808,8808,1931
9174,13483,9174,0
29894,36642,29894,0
26559,39027,26559,0
65138,27816,27816,37322
70802,54403,54403,16399
63591,12968,12968,50623
64716,38025,38025,26691
59430,30384,30384,29046
54510,55557,54510,0
9803,5431,5431,4372
9227,8693,8693,534
6547,56879,6547,0
9690,43591,9690,0
22338,11298,11298,11040
10935,44712,10935,0
5477,23172,5477,0
33852,1974,1974,31878
13230,9385,9385,3845
50944,31249,31249,19695
60139,3673,3673,56466
13897,27485,13897,0
75329,41532,41532,33797
47347,55256,47347,0
47070,1743,1743,45327
65844,35702,35702,30142
5995,24084,5995,0
57139,55779,55779,1360
75217,48536,48536,26681
37176,42301,37176,0
29212,46235,29212,0
4926,45089,4926,0
17601,14256,14256,3345
52166,51147,51147,1019
35366,6445,6445,28921
50702,15052,15052,35650
37207,19089,19089,18118
43759,6372,6372,37387
13602,35979,13602,0
4165,49829,4165,0
19765,48315,19765,0
24645,5309,5309,19336
33744,44839,33744,0
38318,47212,38318,0
1995,50129,1995,0
74020,3984,3984,70036
54519,14450,14450,40069
63190,6199,6199,56991
10847,52382,10847,0
76972,15,15,76957
76221,22655,22655,53566
30515,9585,9585,20930
23070,57480,23070,0
12166,30938,12166,0
56101,39295,39295,16806
73324,44667,44667,28657
18039,30112,18039,0
37551,46658,37551,0
67120,27831,27831,39289
48295,18841,18841,29454
12150,4655,4655,7495
72423,34306,34306,38117
78767,55348,55348,23419
55049,46986,46986,8063
42462,20347,20347,22115
28692,26185,26185,2507
57388,19655,19655,37733
76818,27997,27997,48821
40439,48066,40439,0
57691,21083,21083,36608
67978,38407,38407,29571
69171,41152,41152,28019
40117,3653,3653,36464
41383,59138,41383,0
16863,15747,15747,1116
50458,48193,48193,2265
76709,35127,35127,41582
76618,42472,42472,34146
30617,4189,4189,26428
74250,44608,44608,29642
14303,30952,14303,0
7667,10277,7667,0
35399,19996,19996,15403
31011,45969,31011,0
46682,32912,32912,13770
33228,7253,7253,25975
38263,42761,38263,0
56445,59213,56445,0
64627,41194,41194,23433
75393,48190,48190,27203
34673,696,696,33977
20123,31468,20123,0
43203,40235,40235,2968
63031,48257,48257,14774
65490,26278,26278,39212
69390,26860,26860,42530
48599,1901,1901,46698
22876,1013,1013,21863
68852,34163,34163,34689
12493,50923,12493,0
46852,21608,21608,25244
76086,29424,29424,46662
76897,26050,26050,50847
25490,26348,25490,0
33470,37262,33470,0
61947,43602,43602,18345
70616,59592,59592,11024
45797,12578,12578,33219
25417,4716,4716,20701
20780,41389,20780,0
51631,43942,43942,7689
45153,19894,19894,25259
41938,31208,31208,10730
28819,11580,11580,17239
70082,7102,7102,62980
25715,48560,25715,0
63725,45251,45251,18474
6350,8953,6350,0
73779,56362,56362,17417
24236,27662,24236,0
64155,52642,52642,11513
35551,41500,35551,0
25005,34041,25005,0
65507,47055,47055,18452
40463,11307,11307,29156
2249,39140,2249,0
17371,7674,7674,9697
56404,14768,14768,41636
57978,20200,20200,37778
73058,27000,27000,46058
64918,10438,10438,54480
38233,24642,24642,13591
70292,32469,32469,37823
47117,4805,4805,42312
79477,13848,13848,65629
69277,14742,14742,54535
69710,35312,35312,34398
26412,41792,26412,0
41696,32510,32510,9186
77263,10260,10260,67003
72908,50732,50732,22176
26491,7512,7512,18979
13465,50489,13465,0
68836,41045,41045,27791
38792,30506,30506,8286
23348,27163,23348,0
63342,43860,43860,19482
59853,18234,18234,41619
75550,3704,3704,71846
52589,1153,1153,51436
76045,56824,56824,19221
24334,46166,24334,0
28862,40045,28862,0
76639,26379,26379,50260
63679,7300,7300,56379
46645,2478,2478,44167
74408,39410,39410,34998
35232,5324,5324,29908
15968,42063,15968,0
66736,18020,18020,48716
64655,55579,55579,9076
50065,51393,50065,0
15629,45582,15629,0
2971,6663,2971,0
75847,38656,38656,37191
21049,13427,13427,7622
25583,26838,25583,0
70722,15363,15363,55359
66189,29966,29966,36223
4980,41033,4980,0
10335,32282,10335,0
55903,11882,11882,44021
2218,8486,2218,0
66693,2048,2048,64645
63148,33023,33023,30125
72122,19835,19835,52287
3784,15395,3784,0
8203,21082,8203,0
24728,28787,24728,0
53752,14121,14121,39631
36322,29425,29425,6897
72078,13892,13892,58186
67732,19297,19297,48435
2001,15547,2001,0
9835,23149,9835,0
14376,17453,14376,0
56597,51053,51053,5544
66517,40555,40555,25962
37817,18862,18862,18955
66996,17027,17027,49969
42531,5106,5106,37425
69358,34853,34853,34505
69969,47248,47248,22721
5977,25708,5977,0
13999,12698,12698,1301
55117,53792,53792,1325
6359,16039,6359,0
76280,53511,53511,22769
38459,34246,34246,4213
74978,49766,49766,25212
29141,35964,29141,0
75075,39755,39755,35320
30307,38196,30307,0
51763,37104,37104,14659
62922,41546,41546,21376
8565,8167,8167,398
19209,48109,19209,0
36381,32190,32190,4191
77130,53476,53476,23654
7501,24396,7501,0
40665,11890,11890,28775
49042,54214,49042,0
36568,41342,36568,0
33299,54668,33299,0
52416,48230,48230,4186
65181,29979,29979,35202
9766,54332,9766,0
46829,40901,40901,5928
55289,22865,22865,32424
10593,21734,10593,0
56515,50577,50577,5938
38128,25167,25167,12961
61817,31150,31150,30667
65938,12395,12395,53543
66367,27581,27581,38786
72363,39066,39066,33297
10742,41392,10742,0
23635,26113,23635,0
12113,5599,5599,6514
65171,29448,29448,35723
27608,34076,27608,0
18923,39186,18923,0
17460,45247,17460,0
29513,59029,29513,0
18044,20968,18044,0
42237,15092,15092,27145
6326,32538,6326,0
73010,33511,33511,39499
62221,57804,57804,4417
78600,5080,5080,73520
68283,46552,46552,21731
48370,47054,47054,1316
70223,9545,9545,60678
60637,45192,45192,15445
27599,6211,6211,21388
10436,10550,10436,0
32064,56113,32064,0
52860,6228,6228,46632
46141,27581,27581,18560
60403,4784,4784,55619
43420,38072,38072,5348
48101,55512,48101,0
52437,20123,20123,32314
15818,4423,4423,11395
66872,20039,20039,46833
35726,31324,31324,4402
50474,41634,41634,8840
55828,58252,55828,0
17159,54107,17159,0
50339,55190,50339,0
56961,56240,56240,721
56380,32293,32293,24087
71014,9841,9841,61173
17885,12645,12645,5240
62917,49724,49724,13193
47238,54110,47238,0
44220,27932,27932,16288
77856,3319,3319,74537
41307,12591,12591,28716
53991,53991,53991,0
56382,17253,17253,39129
6372,50859,6372,0
73253,8284,8284,64969
62100,34487,34487,27613
66886,4630,4630,62256
45746,18530,18530,27216
39582,31936,31936,7646
44993,24789,24789,20204
9588,42772,9588,0
72629,2536,2536,70093
5098,54398,5098,0
73414,9812,9812,63602
68044,26316,26316,41728
61033,1690,1690,59343
11273,41989,11273,0
46792,48287,46792,0
65047,4067,4067,60980
47180,47078,47078,102
35358,1933,1933,33425
58965,2342,2342,56623
19373,53864,19373,0
4742,56114,4742,0
24716,21666,21666,3050
34231,2359,2359,31872
29243,7591,7591,21652
40605,57834,40605,0
24950,3813,3813,21137
48158,34697,34697,13461
22280,36799,22280,0
19059,9420,9420,9639
59104,48832,48832,10272
39765,14695,14695,25070
7634,34998,7634,0
53159,26501,26501,26658
31968,57981,31968,0
14392,56792,14392,0
52201,47008,47008,5193
67912,43431,43431,24481
59060,15765,15765,43295
40491,15184,15184,25307
3489,27616,3489,0
23082,42694,23082,0
1217,3371,1217,0
32513,25961,25961,6552
19702,16199,16199,3503
44082,58870,44082,0
2179,10948,2179,0
46211,50946,46211,0
39222,42947,39222,0
72595,32258,32258,40337
50796,43592,43592,7204
76629,34645,34645,41984
33484,52239,33484,0
65699,3604,3604,62095
7736,50569,7736,0
62865,40196,40196,22669
11213,39647,11213,0
12983,11379,11379,1604
51633,18313,18313,33320
56110,2026,2026,54084
77421,37368,37368,40053
10465,16358,10465,0
41759,43064,41759,0
24218,2918,2918,21300
68918,51800,51800,17118
54143,20155,20155,33988
73687,57560,57560,16127
65388,44604,44604,20784
53710,9821,9821,43889
53459,22088,22088,31371
79788,14342,14342,65446
51274,26618,26618,24656
9421,12698,9421,0
62959,6752,6752,56207
29107,57160,29107,0
9706,21262,9706,0
53981,7364,7364,46617
1926,35097,1926,0
20746,2389,2389,18357
52400,52020,52020,380
31124,14235,14235,16889
52153,3645,3645,48508
14775,25582,14775,0
33722,2998,2998,30724
34649,58135,34649,0
38667,14753,14753,23914
58182,26979,26979,31203
46003,22610,22610,23393
27714,28042,27714,0
19562,46933,19562,0
74738,13492,13492,61246
73388,21188,21188,52200
16315,14511,14511,1804
36605,25715,25715,10890
56581,2970,2970,53611
33387,29550,29550,3837
18274,13365,13365,4909
6740,51985,6740,0
56232,11937,11937,44295
16648,38688,16648,0
54430,31007,31007,23423
42901,36694,36694,6207
66671,46181,46181,20490
51287,37300,37300,13987
69129,2707,2707,66422
30033,26964,26964,3069
45167,16337,16337,28830
71875,29589,29589,42286
78626,44267,44267,34359
63517,9222,9222,54295
4103,29908,4103,0
59473,38394,38394,21079
23703,41766,23703,0
5055,19264,5055,0
57537,52568,52568,4969
20793,30098,20793,0
19210,10534,10534,8676
1796,50972,1796,0
13821,22612,13821,0
9834,55494,9834,0
8152,22178,8152,0
33614,12111,12111,21503
74121,29577,29577,44544
30862,32268,30862,0
73211,21984,21984,51227
1583,20476,1583,0
38332,44849,38332,0
66751,38941,38941,27810
26261,39982,26261,0
41535,17269,17269,24266
49776,2019,2019,47757
50745,3440,3440,47305
34575,28337,28337,6238
21227,11686,11686,9541
19063,11617,11617,7446
69987,964,964,69023
57346,17096,17096,40250
24309,8243,8243,16066
68750,30070,30070,38680
5097,14970,5097,0
73425,4246,4246,69179
35438,44319,35438,0
54283,6337,6337,47946
66540,40006,40006,26534
32946,35032,32946,0
47930,4813,4813,43117
48003,54477,48003,0
5819,35297,5819,0
50325,55264,50325,0
63433,29300,29300,34133
48851,20913,20913,27938
41713,6294,6294,35419
71222,26931,26931,44291
7186,21060,7186,0
69133,34346,34346,34787
16677,9198,9198,7479
71944,23230,23230,48714
31052,26806,26806,4246
31990,26199,26199,5791
63094,18215,18215,44879
2987,12378,2987,0
7473,42921,7473,0
38338,4276,4276,34062
54551,29664,29664,24887
11342,39494,11342,0
21151,38257,21151,0
56445,45702,45702,10743
36289,52019,36289,0
7183,1096,1096,6087
4620,30903,4620,0
7551,38988,7551,0
4394,7562,4394,0
19543,33230,19543,0
40156,12885,12885,27271
46680,4932,4932,41748
19278,59787,19278,0
42963,19744,19744,23219
68548,15787,15787,52761
72076,9320,9320,62756
73457,56426,56426,17031
45690,11657,11657,34033
78938,31660,31660,47278
62419,56500,56500,5919
23788,50259,23788,0
54790,59225,54790,0
50382,22127,22127,28255
57914,43175,43175,14739
17457,17955,17457,0
67295,33362,33362,33933
66467,28455,28455,38012
68762,26243,26243,42519
19474,20766,19474,0
4052,54410,4052,0
52321,1349,1349,50972
65556,44258,44258,21298
65467,33803,33803,31664
60006,23755,23755,36251
25864,153,153,25711
60132,23030,23030,37102
18523,37671,18523,0
70959,31487,31487,39472
68622,18484,18484,50138
24726,50425,24726,0
13063,39382,13063,0
17480,25711,17480,0
66068,38827,38827,27241
6455,23771,6455,0
58005,11058,11058,46947
61555,24519,24519,37036
65590,13272,13272,52318
71956,2980,2980,68976
54740,43747,43747,10993
19435,11064,11064,8371
34420,9534,9534,24886
7035,676,676,6359
39214,11600,11600,27614
50075,45242,45242,4833
56246,53328,53328,2918
78406,37247,37247,41159
9144,44257,9144,0
36367,56617,36367,0
19087,12176,12176,6911
67391,56877,56877,10514
62215,42492,42492,19723
32092,58509,32092,0
67777,38314,38314,29463
75771,54976,54976,20795
9932,54194,9932,0
63784,40570,40570,23214
3413,11038,3413,0
23197,2261,2261,20936
45420,17627,17627,27793
45168,6024,6024,39144
35825,51173,35825,0
78460,30324,30324,48136
8288,21029,8288,0
29635,597,597,29038
27764,23599,23599,4165
35056,17130,17130,17926
22295,43845,22295,0
56737,49893,49893,6844
42152,51854,42152,0
70827,29405,29405,41422
7446,7899,7446,0
7952,3961,3961,3991
36962,33971,33971,2991
51082,23595,23595,27487
40032,23221,23221,16811
47699,12066,12066,35633
6098,44378,6098,0
22731,23179,22731,0
15833,34621,15833,0
36912,55891,36912,0
52779,11552,11552,41227
4878,21828,4878,0
55415,23484,23484,31931
7287,9168,7287,0
8446,35829,8446,0
1845,45125,1845,0
49852,11442,11442,38410
3116,33621,3116,0
36564,18702,18702,17862
77872,52834,52834,25038
71132,39245,39245,31887
4614,15515,4614,0
71881,3263,3263,68618
1503,2594,1503,0
44028,40844,40844,3184
52698,30586,30586,22112
10800,3453,3453,7347
53241,2779,2779,50462
34008,24310,24310,9698
61894,49130,49130,12764
65157,42790,42790,22367
28788,38858,28788,0
42585,18317,18317,24268
61863,28161,28161,33702
31507,17353,17353,14154
6802,3216,3216,3586
76483,13230,13230,63253
8215,1444,1444,6771
73908,47298,47298,26610
8206,46292,8206,0
18941,9372,9372,9569
54231,12207,12207,42024
45852,26215,26215,19637
32503,39910,32503,0
23516,41622,23516,0
15204,34106,15204,0
58863,19962,19962,38901
7188,15879,7188,0
42626,28292,28292,14334
31225,57817,31225,0
67811,2308,2308,65503
71710,4162,4162,67548
3421,44417,3421,0
55329,45849,45849,9480
51420,53427,51420,0
31654,48813,31654,0
9618,14949,9618,0
35453,15652,15652,19801
66397,20320,20320,46077
46145,24089,24089,22056
18477,2565,2565,15912
7351,55599,7351,0
16987,16195,16195,792
72740,18911,18911,53829
11153,18765,11153,0
19414,7138,7138,12276
59708,46337,46337,13371
45952,59118,45952,0
70217,7468,7468,62749
74665,16790,16790,57875
59587,56698,56698,2889
7754,50283,7754,0
31180,28669,28669,2511
12794,51070,12794,0
41963,58750,41963,0
43866,13676,13676,30190
63833,47684,47684,16149
64526,44327,44327,20199
55775,31642,31642,24133
43399,18153,18153,25246
55026,31725,31725,23301
51260,4587,4587,46673
60534,54068,54068,6466
76649,12968,12968,63681
73923,33882,33882,40041
32949,47476,32949,0
62682,5574,5574,57108
5311,17931,5311,0
3926,42523,3926,0
54933,46056,46056,8877
55382,51158,51158,4224
16808,52466,16808,0
43200,55746,43200,0
63309,9467,9467,53842
24787,11390,11390,13397
10397,42045,10397,0
70876,20119,20119,50757
48113,15741,15741,32372
67392,5997,5997,61395
37914,3892,3892,34022
53033,38421,38421,14612
2975,19536,2975,0
68808,31066,31066,37742
5091,4333,4333,758
32992,10870,10870,22122
59159,37377,37377,21782
74677,43788,43788,30889
66157,24826,24826,41331
31574,874,874,30700
62116,5660,5660,56456
54185,55911,54185,0
28666,17784,17784,10882
51315,33731,33731,17584
11104,2881,2881,8223
64806,36637,36637,28169
4323,3782,3782,541
5236,28280,5236,0
30191,24188,24188,6003
78659,33938,33938,44721
35654,28456,28456,7198
56118,2671,2671,53447
31674,10075,10075,21599
29749,44320,29749,0
7084,29093,7084,0
53628,27275,27275,26353
31061,28041,28041,3020
10098,46024,10098,0
40797,50747,40797,0
19602,45601,19602,0
26341,55518,26341,0
49336,26638,26638,22698
41560,33935,33935,7625
17927,19082,17927,0
71308,20920,20920,50388
34504,31944,31944,2560
41040,8720,8720,32320
58435,44373,44373,14062
74665,6511,6511,68154
37332,6162,6162,31170
50813,25930,25930,24883
55720,24387,24387,31333
74570,51239,51239,23331
2645,31034,2645,0
23166,38880,23166,0
8666,57360,8666,0
36504,29870,29870,6634
32490,34425,32490,0
43134,7563,7563,35571
3247,45624,3247,0
30063,8551,8551,21512
77468,1659,1659,75809
68263,39441,39441,28822
35607,22070,22070,13537
42084,51863,42084,0
78405,17956,17956,60449
32368,45343,32368,0
47753,42812,42812,4941
64615,49952,49952,14663
58118,16755,16755,41363
66203,39348,39348,26855
39463,51919,39463,0
30968,32617,30968,0
14051,52694,14051,0
2109,44081,2109,0
49761,52764,49761,0
55654,56049,55654,0
71701,56325,56325,15376
31091,35137,31091,0
18752,35902,18752,0
53300,3536,3536,49764
78704,8193,8193,70511
30673,16712,16712,13961
14853,45385,14853,0
2705,10191,2705,0
3982,47387,3982,0
45078,20713,20713,24365
79941,58014,58014,21927
75238,35304,35304,39934
7116,1665,1665,5451
24188,55833,24188,0
19760,14402,14402,5358
27832,42528,27832,0
9419,46454,9419,0
56159,5214,5214,50945
21383,46357,21383,0
21978,21437,21437,541
75621,54649,54649,20972
29050,53260,29050,0
5127,6494,5127,0
64228,15038,15038,49190
31739,54239,31739,0
6610,8684,6610,0
47577,30311,30311,17266
24230,38550,24230,0
41911,32271,32271,9640
36495,15786,15786,20709
11398,37368,11398,0
43456,43736,43456,0
2227,49991,2227,0
61361,37721,37721,23640
39471,55695,39471,0
54662,10594,10594,44068
39945,40547,39945,0
72861,27524,27524,45337
14035,31328,14035,0
42446,44284,42446,0
74671,41292,41292,33379
65194,2676,2676,62518
22659,8511,8511,14148
27275,54386,27275,0
50719,56826,50719,0
35962,41379,35962,0
67123,14093,14093,53030
17096,5303,5303,11793
11162,41726,11162,0
41621,44888,41621,0
14645,17514,14645,0
45790,32434,32434,13356
20648,6163,6163,14485
59539,45628,45628,13911
35004,30229,30229,4775
66683,23031,23031,43652
55606,42354,42354,13252
40525,48008,40525,0
72814,30843,30843,41971
53882,45160,45160,8722
63878,9996,9996,53882
49648,23358,23358,26290
33632,31916,31916,1716
74981,6119,6119,68862
77428,17729,17729,59699
14466,34218,14466,0
47851,35242,35242,12609
49459,3205,3205,46254
51903,14441,14441,37462
60847,11378,11378,49469
79093,42196,42196,36897
33845,3210,3210,30635
5180,46930,5180,0
53107,10841,10841,42266
68382,38848,38848,29534
77738,59337,59337,18401
44646,24810,24810,19836
28348,42877,28348,0
64276,1550,1550,62726
7606,57319,7606,0
58022,24948,24948,33074
21039,54118,21039,0
79211,11652,11652,67559
73288,48853,48853,24435
53426,34495,34495,18931
31776,40733,31776,0
17645,28020,17645,0
36755,24296,24296,12459
49481,5778,5778,43703
20606,40332,20606,0
1060,451,451,609
32164,11949,11949,20215
16763,1377,1377,15386
71562,31817,31817,39745
73775,20987,20987,52788
15444,4108,4108,11336
3251,30312,3251,0
66251,29044,29044,37207
7674,6271,6271,1403
50467,33583,33583,16884
66133,17771,17771,48362
19110,41371,19110,0
78316,58653,58653,19663
3109,28575,3109,0
74702,3867,3867,70835
37449,2884,2884,34565
4768,43186,4768,0
46492,49932,46492,0
21077,8946,8946,12131
34387,44119,34387,0
56106,42819,42819,13287
73992,26743,26743,47249
50769,47883,47883,2886
30225,328,328,29897
66583,7254,7254,59329
25098,36605,25098,0
37705,14134,14134,23571
49382,51157,49382,0
18055,14914,14914,3141
66727,44034,44034,22693
14812,18200,14812,0
12241,1041,1041,11200
46301,30789,30789,15512
54247,31865,31865,22382
8864,19852,8864,0
23362,22251,22251,1111
44360,18352,18352,26008
28954,4156,4156,24798
9358,31583,9358,0
66547,33357,33357,33190
32640,57531,32640,0
13569,57467,13569,0
28101,43675,28101,0
64831,22079,22079,42752
32203,49509,32203,0
71358,25146,25146,46212
24044,12403,12403,11641
42442,20057,20057,22385
47842,5800,5800,42042
43538,20164,20164,23374
10520,29135,10520,0
11551,50256,11551,0
43613,48964,43613,0
72565,27269,27269,45296
53943,1639,1639,52304
37667,6715,6715,30952
23393,57572,23393,0
11668,44243,11668,0
65780,53916,53916,11864
67823,27943,27943,39880
1191,49926,1191,0
36420,6692,6692,29728
1509,16443,1509,0
11932,10434,10434,1498
17792,23107,17792,0
57823,59041,57823,0
49031,47243,47243,1788
8371,55572,8371,0
38969,27304,27304,11665
30601,10466,10466,20135
43934,44814,43934,0
32471,51490,32471,0
31136,56021,31136,0
3812,25825,3812,0
57869,37462,37462,20407
54835,19858,19858,34977
38076,57375,38076,0
1900,59835,1900,0
20235,37461,20235,0
77704,59720,59720,17984
70184,54571,54571,15613
69027,50159,50159,18868
4563,36530,4563,0
70562,3270,3270,67292
6860,40891,6860,0
60422,10158,10158,50264
25622,17502,17502,8120
31297,36231,31297,0
14086,32162,14086,0
69961,51524,51524,18437
42107,25596,25596,16511
40515,46635,40515,0
63186,24178,24178,39008
67111,1600,1600,65511
64884,7355,7355,57529
76879,52623,52623,24256
68907,29728,29728,39179
43102,9996,9996,33106
57347,9607,9607,47740
53343,5668,5668,47675
41223,21808,21808,19415
61000,17670,17670,43330
57837,32857,32857,24980
52104,38295,38295,13809
53669,7952,7952,45717
1110,32727,1110,0
34935,34454,34454,481
75951,5596,5596,70355
77343,30839,30839,46504
43913,48232,43913,0
61389,43304,43304,18085
30697,24483,24483,6214
69439,53750,53750,15689
49520,59313,49520,0
57471,42036,42036,15435
46920,55256,46920,0
75745,33482,33482,42263
28387,57035,28387,0
49672,16483,16483,33189
23336,32828,23336,0
65042,33003,33003,32039
25317,11598,11598,13719
32469,43187,32469,0
60072,11601,11601,48471
19883,44170,19883,0
64049,7423,7423,56626
47187,19622,19622,27565
52373,46179,46179,6194
60130,20232,20232,39898
28746,55029,28746,0
42782,8668,8668,34114
69960,20919,20919,49041
71883,33430,33430,38453
69977,10991,10991,58986
56635,57643,56635,0
46725,33641,33641,13084
24783,3158,3158,21625
36053,36274,36053,0
33748,15458,15458,18290
35633,51822,35633,0
16300,8582,8582,7718
62310,3960,3960,58350
43000,49068,43000,0
28151,24305,24305,3846
54172,38181,38181,15991
42927,34629,34629,8298
35404,41764,35404,0
47847,27736,27736,20111
19254,14275,14275,4979
7016,55286,7016,0
76749,53436,53436,23313
69303,33415,33415,35888
75341,23748,23748,51593
1392,56930,1392,0
20989,53779,20989,0
11591,44675,11591,0
21549,26480,21549,0
33916,30168,30168,3748
56242,40115,40115,16127
27476,8504,8504,18972
26422,11546,11546,14876
67217,46011,46011,21206
59406,21464,21464,37942
2029,33546,2029,0
45793,40435,40435,5358
56618,9790,9790,46828
27726,25817,25817,1909
14536,43456,14536,0
51666,4682,4682,46984
23677,4256,4256,19421
11015,49068,11015,0
79711,16254,16254,63457
45275,47451,45275,0
43412,42494,42494,918
14516,45538,14516,0
4369,53985,4369,0
36583,57204,36583,0
7818,53107,7818,0
38801,7646,7646,31155
11669,43856,11669,0
34949,26390,26390,8559
3205,47356,3205,0
45685,22523,22523,23162
42933,18844,18844,24089
42347,24578,24578,17769
16004,8059,8059,7945
42952,47042,42952,0
9657,14221,9657,0
49502,20637,20637,28865
16467,26746,16467,0
62026,19872,19872,42154
69306,13900,13900,55406
57213,10774,10774,46439
32564,14974,14974,17590
49673,40339,40339,9334
10891,46430,10891,0
62135,27101,27101,35034
27266,27462,27266,0
66130,37049,37049,29081
6923,3713,3713,3210
61179,29497,29497,31682
5417,49621,5417,0
36412,10232,10232,26180
59280,35681,35681,23599
18633,51623,18633,0
15508,9876,9876,5632
4069,2121,2121,1948
27698,28897,27698,0
73100,25790,25790,47310
45922,18167,18167,27755
48083,15073,15073,33010
54027,7789,7789,46238
42217,59603,42217,0
53999,50977,50977,3022
35197,24734,24734,10463
26403,5106,5106,21297
74079,45121,45121,28958
12210,26140,12210,0
70801,58191,58191,12610
3174,5882,3174,0
44142,45036,44142,0
25808,51106,25808,0
47364,23338,23338,24026
63249,43956,43956,19293
48635,27256,27256,21379
43206,54480,43206,0
45379,58995,45379,0
37215,15130,15130,22085
54839,41360,41360,13479
5998,34183,5998,0
9120,53317,9120,0
3622,22128,3622,0
70104,20341,20341,49763
43224,30010,30010,13214
22566,30925,22566,0
10928,18647,10928,0
25214,15268,15268,9946
61522,15426,15426,46096
68671,31834,31834,36837
11027,41651,11027,0
62129,54299,54299,7830
67213,53633,53633,13580
51030,30864,30864,20166
52889,31879,31879,21010
54104,27215,27215,26889
12955,59967,12955,0
15605,59405,15605,0
29440,14722,14722,14718
62115,40528,40528,21587
12826,1688,1688,11138
55911,32357,32357,23554
11227,20303,11227,0
31479,9132,9132,22347
26015,17891,17891,8124
4551,1584,1584,2967
36603,12906,12906,23697
34339,39011,34339,0
37498,33353,33353,4145
67749,28158,28158,39591
46023,3525,3525,42498
78773,31889,31889,46884
13148,50290,13148,0
46206,12843,12843,33363
39459,49987,39459,0
14881,47929,14881,0
27914,20578,20578,7336
37737,38409,37737,0
66773,3834,3834,62939
13821,29956,13821,0
69446,31474,31474,37972
6442,21205,6442,0
10484,23330,10484,0
39524,38793,38793,731
36725,59470,36725,0
45982,4507,4507,41475
8846,12196,8846,0
42898,56528,42898,0
77203,15735,15735,61468
33672,43689,33672,0
77246,35874,35874,41372
56579,41857,41857,14722
28163,4645,4645,23518
47602,35836,35836,11766
35166,57845,35166,0
60601,25344,25344,35257
8028,58671,8028,0
40868,10303,10303,30565
23646,28247,23646,0
77667,312,312,77355
33600,41347,33600,0
68269,30711,30711,37558
5758,23817,5758,0
69283,19888,19888,49395
69309,5902,5902,63407
46885,24197,24197,22688
65770,27843,27843,37927
78464,13499,13499,64965
71474,7368,7368,64106
44331,33094,33094,11237
35241,29583,29583,5658
43669,38591,38591,5078
6172,30252,6172,0
66274,21343,21343,44931
68300,45065,45065,23235
72983,29142,29142,43841
23886,55109,23886,0
74634,31717,31717,42917
25101,30420,25101,0
43978,25241,25241,18737
43432,48663,43432,0
56286,53078,53078,3208
37240,28448,28448,8792
60533,16944,16944,43589
8130,7939,7939,191
28564,48838,28564,0
39285,21340,21340,17945
7845,34303,7845,0
9370,17770,9370,0
51015,8022,8022,42993
79360,3891,3891,75469
3762,55133,3762,0
29828,6611,6611,23217
6208,32686,6208,0
14237,54482,14237,0
22314,41332,22314,0
20805,8849,8849,11956
3940,42897,3940,0
67662,53294,53294,14368
10099,32462,10099,0
18423,5274,5274,13149
16108,43015,16108,0
44056,2189,2189,41867
5504,37963,5504,0
39685,13128,13128,26557
16777,34987,16777,0
64552,2547,2547,62005
10510,43827,10510,0
65786,46333,46333,19453
69275,29081,29081,40194
52730,27768,27768,24962
3658,55666,3658,0
68352,14397,14397,53955
37030,20324,20324,16706
53081,5870,5870,47211
23161,57563,23161,0
47839,34849,34849,12990
76063,41532,41532,34531
79404,27661,27661,51743
75297,7284,7284,68013
8941,3744,3744,5197
67316,22778,22778,44538
20393,6970,6970,13423
5302,26189,5302,0
24303,43038,24303,0
69727,42710,42710,27017
41871,25528,25528,16343
40391,37177,37177,3214
73617,58748,58748,14869
71583,11979,11979,59604
49681,6190,6190,43491
52808,43090,43090,9718
46658,34253,34253,12405
37445,25193,25193,12252
15102,18697,15102,0
47443,27121,27121,20322
23577,17123,17123,6454
61887,35888,35888,25999
67460,54385,54385,13075
67196,38211,38211,28985
47406,33388,33388,14018
69406,54838,54838,14568
34121,54500,34121,0
2183,30838,2183,0
71708,52833,52833,18875
13055,18064,13055,0
72837,49787,49787,23050
11951,46878,11951,0
58825,1247,1247,57578
27648,27983,27648,0
21399,32768,21399,0
26691,26251,26251,440
4538,47573,4538,0
60960,15395,15395,45565
33053,2911,2911,30142
76223,46823,46823,29400
68652,28465,28465,40187
46452,43977,43977,2475
17443,37132,17443,0
36130,57279,36130,0
71695,663,663,71032
23184,37928,23184,0
19180,53831,19180,0
4358,35345,4358,0
50732,47091,47091,3641
39198,3049,3049,36149
71561,27489,27489,44072
33397,50003,33397,0
37208,38419,37208,0
12839,42180,12839,0
77611,20736,20736,56875
57594,54372,54372,3222
70989,19503,19503,51486
26401,33553,26401,0
30248,20698,20698,9550
4129,35003,4129,0
78783,48908,48908,29875
61586,18426,18426,43160
33469,38878,33469,0
59789,41857,41857,17932
51847,50706,50706,1141
29610,48524,29610,0
79672,58632,58632,21040
19183,4240,4240,14943
9863,43198,9863,0
33627,22052,22052,11575
37535,43450,37535,0
77987,29973,29973,48014
7274,40178,7274,0
36787,15709,15709,21078
19932,9629,9629,10303
38692,228,228,38464
57777,6778,6778,50999
27669,27429,27429,240
56872,16406,16406,40466
51127,7680,7680,43447
12641,18416,12641,0
4386,35964,4386,0
19236,6363,6363,12873
16877,24849,16877,0
55152,34952,34952,20200
72395,41893,41893,30502
1683,39413,1683,0
35389,23336,23336,12053
53455,5231,5231,48224
39114,59623,39114,0
33561,44474,33561,0
26832,27179,26832,0
1022,51400,1022,0
62307,6046,6046,56261
43229,49536,43229,0
34120,13776,13776,20344
5276,25663,5276,0
78172,59819,59819,18353
75711,45149,45149,30562
53349,44018,44018,9331
19406,46606,19406,0
59052,10420,10420,48632
19174,51596,19174,0
71450,12933,12933,58517
62447,7755,7755,54692
71268,48518,48518,22750
13309,27513,13309,0
48969,53107,48969,0
70958,16747,16747,54211
24101,29620,24101,0
5806,50154,5806,0
32271,4606,4606,27665
5479,43761,5479,0
64267,14993,14993,49274
60653,47526,47526,13127
15974,17058,15974,0
48195,59244,48195,0
7124,55419,7124,0
77164,14119,14119,63045
77300,27231,27231,50069
25470,12690,12690,12780
6824,8242,6824,0
47530,23109,23109,24421
70691,7835,7835,62856
51025,33490,33490,17535
31133,21899,21899,9234
64678,41903,41903,22775
3190,34212,3190,0
24623,30968,24623,0
75555,37006,37006,38549
43539,24964,24964,18575
12759,21702,12759,0
75048,2945,2945,72103
40655,50847,40655,0
65104,21581,21581,43523
39766,53737,39766,0
55691,2931,2931,52760
44087,39748,39748,4339
71608,11750,11750,59858
20907,29628,20907,0
50507,36897,36897,13610
40714,2078,2078,38636
27826,43792,27826,0
39279,46207,39279,0
42248,52595,42248,0
37819,35625,35625,2194
49592,34412,34412,15180
21484,7680,7680,13804
12447,4733,4733,7714
23913,44268,23913,0
41106,45114,41106,0
29364,18151,18151,11213
73499,17062,17062,56437
32330,49710,32330,0
4156,28764,4156,0
55570,49491,49491,6079
37203,8204,8204,28999
58895,44828,44828,14067
39718,9232,9232,30486
4836,46916,4836,0
58319,17340,17340,40979
16656,10662,10662,5994
35083,40829,35083,0
54598,36207,36207,18391
77798,9307,9307,68491
63517,54483,54483,9034
55811,28345,28345,27466
66289,46817,46817,19472
22812,4634,4634,18178
67460,35839,35839,31621
22679,13498,13498,9181
33585,31436,31436,2149
56597,23229,23229,33368
61147,53359,53359,7788
64560,43065,43065,21495
25959,27562,25959,0
64863,9934,9934,54929
38674,51193,38674,0
27242,47753,27242,0
40291,15679,15679,24612
34322,44137,34322,0
14303,28919,14303,0
59877,51889,51889,7988
60708,58835,58835,1873
65676,13802,13802,51874
61099,8606,8606,52493
78721,52028,52028,26693
47109,13908,13908,33201
17598,6987,6987,10611
42186,51932,42186,0
3077,38917,3077,0
58213,59572,58213,0
51532,16554,16554,34978
70753,14343,14343,56410
40364,2620,2620,37744
43050,27414,27414,15636
36656,25979,25979,10677
51802,17938,17938,33864
63177,5027,5027,58150
33801,9890,9890,23911
34205,32910,32910,1295
56168,41506,41506,14662
45075,15633,15633,29442
58245,32207,32207,26038
14311,51872,14311,0
74026,23358,23358,50668
57793,9854,9854,47939
59432,48124,48124,11308
75411,21780,21780,53631
68290,55913,55913,12377
38964,26357,26357,12607
42156,33700,33700,8456
64158,56379,56379,7779
57385,25335,25335,32050
24581,4438,4438,20143
42936,8966,8966,33970
41114,37443,37443,3671
10374,10663,10374,0
12202,21026,12202,0
32178,28753,28753,3425
48505,11757,11757,36748
14784,14720,14720,64
67667,29416,29416,38251
14939,17881,14939,0
28869,34601,28869,0
74890,12133,12133,62757
57945,17214,17214,40731
60545,16004,16004,44541
45996,47670,45996,0
26554,43752,26554,0
29582,459,459,29123
43622,45767,43622,0
47758,5055,5055,42703
9835,48539,9835,0
22251,4721,4721,17530
60816,56541,56541,4275
45805,24595,24595,21210
69742,31194,31194,38548
77354,42973,42973,34381
46338,25676,25676,20662
12877,44648,12877,0
52378,36614,36614,15764
46972,46285,46285,687
3050,24721,3050,0
12226,29634,12226,0
35207,3102,3102,32105
3884,32873,3884,0
58054,13134,13134,44920
41523,28990,28990,12533
35752,33424,33424,2328
53739,48394,48394,5345
13209,7180,7180,6029
62853,56597,56597,6256
44694,50682,44694,0
44551,33819,33819,10732
5832,21960,5832,0
7257,23821,7257,0
2632,13578,2632,0
9428,42056,9428,0
27680,14711,14711,12969
53774,8369,8369,45405
29079,43139,29079,0
58799,12088,12088,46711
68982,52244,52244,16738
14541,27087,14541,0
37694,14879,14879,22815
27725,56023,27725,0
29733,15688,15688,14045
53180,53220,53180,0
66330,47120,47120,19210
74340,35085,35085,39255
19751,58508,19751,0
54788,7458,7458,47330
65868,53673,53673,12195
13198,5742,5742,7456
2439,25412,2439,0
33758,43395,33758,0
56080,59598,56080,0
67619,56981,56981,10638
60501,59726,59726,775
12550,43402,12550,0
40993,19756,19756,21237
43650,49972,43650,0
54769,1578,1578,53191
29534,50809,29534,0
22605,55778,22605,0
62338,44707,44707,17631
7884,34381,7884,0
32169,17940,17940,14229
54050,10570,10570,43480
26441,28131,26441,0
3975,55501,3975,0
67747,54629,54629,13118
47231,10612,10612,36619
6759,558,558,6201
27228,5696,5696,21532
14756,20995,14756,0
49374,43724,43724,5650
50628,4760,4760,45868
46260,12907,12907,33353
8073,53348,8073,0
20709,32127,20709,0
15393,44103,15393,0
70970,19391,19391,51579
79624,58016,58016,21608
6530,23467,6530,0
54831,22386,22386,32445
50428,39267,39267,11161
78535,2696,2696,75839
40137,43364,40137,0
38303,5263,5263,33040
18571,38218,18571,0
55146,37646,37646,17500
47859,25103,25103,22756
9867,32263,9867,0
77397,38721,38721,38676
58262,54551,54551,3711
2549,44053,2549,0
36346,7384,7384,28962
44555,40940,40940,3615
75605,4610,4610,70995
63033,30462,30462,32571
12254,43368,12254,0
56591,14159,14159,42432
36929,48209,36929,0
37504,39776,37504,0
77306,8958,8958,68348
79961,49056,49056,30905
67067,18087,18087,48980
19581,14404,14404,5177
61714,2150,2150,59564
55042,16200,16200,38842
79601,48430,48430,31171
50447,9371,9371,41076
51954,52035,51954,0
55848,38078,38078,17770
35471,13024,13024,22447
42729,37908,37908,4821
43623,33814,33814,9809
58317,15215,15215,43102
68061,12032,12032,56029
23199,23996,23199,0
21118,55909,21118,0
73720,41252,41252,32468
25126,27411,25126,0
2428,36282,2428,0
73468,45998,45998,27470
51565,6466,6466,45099
11581,6954,6954,4627
8678,34187,8678,0
28179,20146,20146,8033
18890,37664,18890,0
37395,50086,37395,0
19034,17112,17112,1922
54026,46823,46823,7203
41063,49368,41063,0
48147,6928,6928,41219
3078,51567,3078,0
52813,16594,16594,36219
61060,58608,58608,2452
39589,7264,7264,32325
27781,87,87,27694
40463,27527,27527,12936
24956,40564,24956,0
26949,17483,17483,9466
78670,47170,47170,31500
74441,42800,42800,31641
58031,39787,39787,18244
39887,10954,10954,28933
12181,44240,12181,0
13436,7925,7925,5511
64128,58424,58424,5704
6754,46116,6754,0
70899,35558,35558,35341
48551,51289,48551,0
69071,11141,11141,57930
53356,40269,40269,13087
36319,46978,36319,0
49071,38125,38125,10946
47528,22103,22103,25425
45412,59212,45412,0
2973,23702,2973,0
69654,39145,39145,30509
5411,19998,5411,0
43974,13333,13333,30641
42758,1425,1425,41333
41211,40782,40782,429
75268,45343,45343,29925
12350,23296,12350,0
48096,35755,35755,12341
22952,11173,11173,11779
39389,39807,39389,0
71260,57674,57674,13586
78684,52564,52564,26120
27116,13988,13988,13128
25193,45478,25193,0
78049,40371,40371,37678
14966,8820,8820,6146
25670,42103,25670,0
55181,21601,21601,33580
64491,39764,39764,24727
50571,12095,12095,38476
65180,46164,46164,19016
46406,32600,32600,13806
26319,37077,26319,0
66128,53507,53507,12621
12008,37582,12008,0
28017,53999,28017,0
29117,52232,29117,0
62724,23087,23087,39637
30169,27473,27473,2696
34718,44578,34718,0
42132,51438,42132,0
5839,57074,5839,0
26213,44100,26213,0
43196,4089,4089,39107
53835,37635,37635,16200
77408,22016,22016,55392
49751,56529,49751,0
79666,745,745,78921
20236,26700,20236,0
11829,13688,11829,0
23062,13070,13070,9992
66696,51488,51488,15208
24928,34898,24928,0
27975,31623,27975,0
46160,54843,46160,0
10043,57824,10043,0
16700,9201,9201,7499
13657,33269,13657,0
16488,44072,16488,0
7492,38578,7492,0
43067,49841,43067,0
35367,12639,12639,22728
57712,12814,12814,44898
21806,611,611,21195
23372,50609,23372,0
54766,32905,32905,21861
60703,45572,45572,15131
5255,37453,5255,0
61885,57071,57071,4814
13832,24762,13832,0
7407,40262,7407,0
37497,22961,22961,14536
26668,45914,26668,0
18504,21243,18504,0
78596,45975,45975,32621
11289,45972,11289,0
54945,37000,37000,17945
37611,55404,37611,0
76198,22642,22642,53556
68632,59302,59302,9330
45488,46900,45488,0
18095,46308,18095,0
26196,35879,26196,0
24727,52934,24727,0
48600,38883,38883,9717
67542,47174,47174,20368
55997,59369,55997,0
12363,41694,12363,0
19234,28599,19234,0
55035,55432,55035,0
46607,25929,25929,20678
20966,16229,16229,4737
75024,53802,53802,21222
72882,54847,54847,18035
28127,25877,25877,2250
12671,8273,8273,4398
42249,28360,28360,13889
76681,24190,24190,52491
70130,39564,39564,30566
3683,41647,3683,0
64378,3408,3408,60970
31489,2556,2556,28933
61506,12081,12081,49425
2567,51373,2567,0
24725,39907,24725,0
34153,12135,12135,22018
15678,54125,15678,0
8480,7633,7633,847
20525,11930,11930,8595
40303,51222,40303,0
68513,51245,51245,17268
69480,1203,1203,68277
45164,54603,45164,0
76315,57902,57902,18413
30538,58271,30538,0
44251,58755,44251,0
29789,49043,29789,0
7153,21996,7153,0
49140,43345,43345,5795
14462,56006,14462,0
33779,37734,33779,0
64985,29772,29772,35213
24205,10186,10186,14019
63944,40082,40082,23862
27335,52602,27335,0
2595,44470,2595,0
10014,4479,4479,5535
5849,57259,5849,0
6525,47940,6525,0
7064,24190,7064,0
69962,45001,45001,24961
56806,47655,47655,9151
68983,19612,19612,49371
1893,37280,1893,0
59482,53393,53393,6089
49251,3976,3976,45275
11314,25977,11314,0
39276,29552,29552,9724
5422,2347,2347,3075
10988,980,980,10008
26088,40130,26088,0
36029,14876,14876,21153
76970,26937,26937,50033
9601,28445,9601,0
56531,35394,35394,21137
7508,41943,7508,0
68511,53557,53557,14954
17224,2316,2316,14908
79130,48732,48732,30398
49589,6242,6242,43347
59577,43219,43219,16358
18053,37395,18053,0
79622,56686,56686,22936
10959,70,70,10889
55819,21756,21756,34063
54093,17641,17641,36452
54533,21464,21464,33069
61927,6633,6633,55294
10022,37718,10022,0
75098,20453,20453,54645
29648,46222,29648,0
63498,34687,34687,28811
71806,10482,10482,61324
12907,56374,12907,0
35396,15402,15402,19994
24268,44324,24268,0
40833,44145,40833,0
70230,48772,48772,21458
21311,24664,21311,0
76274,39743,39743,36531
9043,36215,9043,0
46711,54065,46711,0
46128,9382,9382,36746
30953,14680,14680,16273
21633,6389,6389,15244
35308,40200,35308,0
29380,6474,6474,22906
15351,6740,6740,8611
12884,31975,12884,0
63149,11488,11488,51661
38980,52558,38980,0
60181,12985,12985,47196
15987,39916,15987,0
36662,24595,24595,12067
31790,46575,31790,0
43822,49704,43822,0
18808,5472,5472,13336
49221,32499,32499,16722
48983,17590,17590,31393
60326,52519,52519,7807
33431,9142,9142,24289
20071,58160,20071,0
70920,7398,7398,63522
65933,18479,18479,47454
53719,8126,8126,45593
26507,57861,26507,0
24186,52215,24186,0
1439,8068,1439,0
13636,13078,13078,558
48276,33053,33053,15223
61864,46759,46759,15105
33401,33697,33401,0
22278,25925,22278,0
37109,56560,37109,0
31779,47924,31779,0
13056,10937,10937,2119
20432,16390,16390,4042
13259,24700,13259,0
47013,26748,26748,20265
60733,18314,18314,42419
36351,47944,36351,0
21662,49258,21662,0
75858,25511,25511,50347
22113,11150,11150,10963
29415,15549,15549,13866
1240,36279,1240,0
44789,3164,3164,41625
72065,57716,57716,14349
78868,27792,27792,51076
65834,2110,2110,63724
10746,48262,10746,0
3106,32128,3106,0
25161,57266,25161,0
59745,5730,5730,54015
3687,41140,3687,0
23874,21898,21898,1976
16130,15799,15799,331
53230,2560,2560,50670
12292,44612,12292,0
41524,6425,6425,35099
66059,32986,32986,33073
68941,917,917,68024
55098,23849,23849,31249
47592,26181,26181,21411
72160,14761,14761,57399
79698,52838,52838,26860
73113,3950,3950,69163
77923,47295,47295,30628
48543,51051,48543,0
21763,50100,21763,0
45900,40703,40703,5197
2949,3349,2949,0
48816,36698,36698,12118
42304,7384,7384,34920
11094,6680,6680,4414
69736,38278,38278,31458
72646,12477,12477,60169
8281,56063,8281,0
75284,45262,45262,30022
8589,34505,8589,0
3299,11068,3299,0
18066,5139,5139,12927
6133,25052,6133,0
73698,26250,26250,47448
29222,20822,20822,8400
72126,19399,19399,52727
62884,55973,55973,6911
70360,3151,3151,67209
25088,15515,15515,9573
32163,34318,32163,0
78087,12880,12880,65207
32652,13201,13201,19451
20870,25844,20870,0
43853,3852,3852,40001
5186,40082,5186,0
24197,24813,24197,0
32658,57279,32658,0
30570,35712,30570,0
7489,44420,7489,0
77022,5883,5883,71139
71354,27098,27098,44256
43861,4965,4965,38896
2307,32196,2307,0
50124,59922,50124,0
33937,9186,9186,24751
73449,8519,8519,64930
51656,13276,13276,38380
56867,31054,31054,25813
34617,23065,23065,11552
39378,6477,6477,32901
1362,21450,1362,0
52320,32434,32434,19886
72119,57000,57000,15119
51555,46077,46077,5478
14548,15089,14548,0
17126,55660,17126,0
26532,56863,26532,0
33629,21786,21786,11843
10064,8687,8687,1377
72093,27376,27376,44717
10314,21168,10314,0
18184,30430,18184,0
64034,49521,49521,14513
60157,50010,50010,10147
59053,3936,3936,55117
76468,30915,30915,45553
30799,33785,30799,0
26219,12616,12616,13603
63958,5369,5369,58589
46592,54952,46592,0
13047,56813,13047,0
32860,39119,32860,0
79478,20983,20983,58495
51474,50942,50942,532
73380,15078,15078,58302
77478,52565,52565,24913
10621,23741,10621,0
17863,23475,17863,0
13063,54329,13063,0
59649,26414,26414,33235
5868,59256,5868,0
17991,24273,17991,0
7467,23947,7467,0
13388,37666,13388,0
13803,5566,5566,8237
30596,43738,30596,0
39902,42615,39902,0
40490,97,97,40393
47702,42531,42531,5171
16354,24456,16354,0
38886,22419,22419,16467
5398,27494,5398,0
15384,31350,15384,0
33437,11225,11225,22212
42502,83,83,42419
18878,35904,18878,0
32162,42957,32162,0
70736,9630,9630,61106
9528,49506,9528,0
58759,7314,7314,51445
32022,54291,32022,0
31989,12693,12693,19296
7891,5090,5090,2801
50322,22370,22370,27952
12287,18718,12287,0
45504,8929,8929,36575
66971,859,859,66112
7485,13411,7485,0
67727,25768,25768,41959
48436,38101,38101,10335
5780,57729,5780,0
53263,2227,2227,51036
30103,22729,22729,7374
34798,28072,28072,6726
14994,45772,14994,0
27343,2565,2565,24778
13913,28896,13913,0
65068,16617,16617,48451
77102,1021,1021,76081
44050,15150,15150,28900
67992,50810,50810,17182
17229,1498,1498,15731
42801,49057,42801,0
38013,27901,27901,10112
59948,40945,40945,19003
18236,24871,18236,0
30347,19180,19180,11167
71298,34331,34331,36967
9832,21679,9832,0
5064,18683,5064,0
54155,26131,26131,28024
31695,39671,31695,0
5273,55129,5273,0
79663,38308,38308,41355
57599,11170,11170,46429
65828,23833,23833,41995
69617,30117,30117,39500
40347,21268,21268,19079
32809,57925,32809,0
31951,32670,31951,0
39030,40306,39030,0
35371,40487,35371,0
36525,24234,24234,12291
40876,33770,33770,7106
33455,58248,33455,0
62826,4248,4248,58578
5605,58311,5605,0
21294,23338,21294,0
46399,23808,23808,22591
49877,1530,1530,48347
25347,3341,3341,22006
35213,20014,20014,15199
1631,59884,1631,0
62708,37548,37548,25160
54756,1623,1623,53133
11520,26183,11520,0
71091,58504,58504,12587
23850,33412,23850,0
49164,26330,26330,22834
47678,9666,9666,38012
36445,22709,22709,13736
40841,34595,34595,6246
62736,18775,18775,43961
38033,24952,24952,13081
36111,51384,36111,0
37288,25259,25259,12029
58074,57231,57231,843
9581,57842,9581,0
23339,7741,7741,15598
39461,22229,22229,17232
30109,22105,22105,8004
35656,58987,35656,0
62665,19457,19457,43208
52067,20590,20590,31477
69932,46623,46623,23309
36681,17521,17521,19160
33195,7443,7443,25752
51471,53097,51471,0
9351,36391,9351,0
21388,87,87,21301
71622,2610,2610,69012
64379,51884,51884,12495
44457,12454,12454,32003
41989,6061,6061,35928
43039,15248,15248,27791
39447,53028,39447,0
79478,1473,1473,78005
28640,14331,14331,14309
13038,47589,13038,0
20676,45605,20676,0
44818,48455,44818,0
37855,3221,3221,34634
2666,55927,2666,0
48891,57904,48891,0
24255,49018,24255,0
14569,49899,14569,0
10840,22782,10840,0
9330,27188,9330,0
41734,58041,41734,0
68218,22054,22054,46164
6664,27165,6664,0
74997,10074,10074,64923
73128,4694,4694,68434
16218,876,876,15342
71338,58204,58204,13134
72479,18096,18096,54383
55282,42516,42516,12766
46676,31706,31706,14970
50456,20407,20407,30049
68600,24409,24409,44191
15348,12840,12840,2508
24775,8800,8800,15975
61324,40110,40110,21214
21741,40068,21741,0
9119,11385,9119,0
78519,17624,17624,60895
63709,33631,33631,30078
49609,53,53,49556
62300,38607,38607,23693
33073,32645,32645,428
48171,16545,16545,31626
66808,39130,39130,27678
38024,23185,23185,14839
35866,48555,35866,0
52753,33149,33149,19604
9177,4295,4295,4882
10171,48306,10171,0
13685,11822,11822,1863
49894,57492,49894,0
76732,59359,59359,17373
2453,11026,2453,0
27062,379,379,26683
27498,30669,27498,0
71630,12801,12801,58829
32683,12934,12934,19749
77398,7504,7504,69894
59022,3778,3778,55244
27116,53303,27116,0
12759,9471,9471,3288
23500,58993,23500,0
23191,28465,23191,0
44977,28599,28599,16378
17196,14995,14995,2201
71425,12168,12168,59257
8709,24851,8709,0
67818,13581,13581,54237
73471,35155,35155,38316
70080,58777,58777,11303
32920,40690,32920,0
22272,34967,22272,0
75416,31088,31088,44328
38141,23866,23866,14275
3106,5881,3106,0
57922,1974,1974,55948
34592,59155,34592,0
35338,54784,35338,0
22688,9740,9740,12948
13684,41122,13684,0
2923,53422,2923,0
4821,43528,4821,0
61609,50153,50153,11456
27461,40658,27461,0
35567,42721,35567,0
45136,54634,45136,0
54241,17207,17207,37034
47299,34169,34169,13130
51777,41055,41055,10722
15921,32312,15921,0
26551,27170,26551,0
37401,36194,36194,1207
21545,50586,21545,0
24927,56969,24927,0
27970,38396,27970,0
77361,45736,45736,31625
49597,38146,38146,11451
41829,3543,3543,38286
7461,36737,7461,0
28939,48292,28939,0
72139,23384,23384,48755
69205,14355,14355,54850
11448,56136,11448,0
7575,33971,7575,0
47275,13687,13687,33588
67711,13840,13840,53871
78679,55841,55841,22838
29639,39994,29639,0
25960,30871,25960,0
3629,16074,3629,0
18362,6774,6774,11588
13988,52611,13988,0
59019,34817,34817,24202
8263,38510,8263,0
44608,49790,44608,0
26453,31363,26453,0
4949,46251,4949,0
62660,45510,45510,17150
67047,32878,32878,34169
10073,33722,10073,0
39098,51605,39098,0
54225,17708,17708,36517
39606,52864,39606,0
34662,52501,34662,0
59234,59202,59202,32
68873,37596,37596,31277
19039,46336,19039,0
61649,51849,51849,9800
20714,57295,20714,0
3844,34900,3844,0
26981,54849,26981,0
10625,52,52,10573
49496,46134,46134,3362
43694,2340,2340,41354
24427,42802,24427,0
46262,2946,2946,43316
7249,4723,4723,2526
29975,27725,27725,2250
59249,17919,17919,41330
68753,11119,11119,57634
70337,13773,13773,56564
17893,48680,17893,0
43868,8468,8468,35400
62851,33268,33268,29583
67090,51615,51615,15475
38141,29129,29129,9012
41316,23752,23752,17564
18696,33480,18696,0
33777,10235,10235,23542
60135,12611,12611,47524
41672,53177,41672,0
77565,12493,12493,65072
64434,4660,4660,59774
22204,19715,19715,2489
69193,15117,15117,54076
56740,26565,26565,30175
22976,3002,3002,19974
65688,41023,41023,24665
56859,47870,47870,8989
13174,33050,13174,0
12053,12026,12026,27
67157,31334,31334,35823
4020,28979,4020,0
77170,29865,29865,47305
72753,42729,42729,30024
6049,53508,6049,0
40690,58903,40690,0
8674,23004,8674,0
8513,4838,4838,3675
49373,2480,2480,46893
62297,6305,6305,55992
78896,31532,31532,47364
68868,28271,28271,40597
49113,37808,37808,11305
26769,26624,26624,145
14771,37786,14771,0
54061,44872,44872,9189
57793,39114,39114,18679
11080,34212,11080,0
62400,29828,29828,32572
15075,34303,15075,0
43858,14533,14533,29325
75774,30806,30806,44968
7381,7762,7381,0
4633,19532,4633,0
60615,58415,58415,2200
15087,22173,15087,0
49047,19767,19767,29280
43243,5558,5558,37685
47179,55339,47179,0
65861,24914,24914,40947
48064,23524,23524,24540
61031,44986,44986,16045
60943,55967,55967,4976
23112,18049,18049,5063
36476,44895,36476,0
78250,56658,56658,21592
22296,6761,6761,15535
36638,2274,2274,34364
38857,16367,16367,22490
70440,53631,53631,16809
32500,47828,32500,0
64620,32973,32973,31647
23900,45512,23900,0
60444,9327,9327,51117
12837,50274,12837,0
33104,53750,33104,0
46179,22539,22539,23640
47330,38640,38640,8690
58276,53177,53177,5099
46691,21903,21903,24788
40217,26552,26552,13665
20769,31261,20769,0
4435,36600,4435,0
39954,12964,12964,26990
15188,14581,14581,607
6130,49278,6130,0
54938,14159,14159,40779
16886,11631,11631,5255
16272,19565,16272,0
76816,58049,58049,18767
66884,40531,40531,26353
73557,6860,6860,66697
79960,47755,47755,32205
43345,27176,27176,16169
70145,52613,52613,17532
14721,54607,14721,0
18271,17101,17101,1170
63486,42591,42591,20895
38459,33858,33858,4601
28306,1879,1879,26427
8747,12582,8747,0
70318,51001,51001,19317
3996,23949,3996,0
1658,28275,1658,0
8235,19172,8235,0
25720,45631,25720,0
11929,10644,10644,1285
36271,55367,36271,0
24751,41468,24751,0
46500,12690,12690,33810
50625,47459,47459,3166
46335,39104,39104,7231
14365,8307,8307,6058
13000,20311,13000,0
70697,19539,19539,51158
60519,2273,2273,58246
47754,44422,44422,3332
16355,15098,15098,1257
29608,25377,25377,4231
38683,23027,23027,15656
73156,5315,5315,67841
71590,8202,8202,63388
10543,58149,10543,0
55830,10424,10424,45406
75003,10272,10272,64731
54524,24417,24417,30107
45001,47293,45001,0
40059,11178,11178,28881
44962,50189,44962,0
12706,53530,12706,0
8868,42647,8868,0
48049,38338,38338,9711
22096,31179,22096,0
28526,27903,27903,623
78399,5885,5885,72514
52627,49692,49692,2935
69208,35200,35200,34008
15119,45629,15119,0
78514,49076,49076,29438
49514,31289,31289,18225
59531,10854,10854,48677
26810,7086,7086,19724
14406,42475,14406,0
20579,46135,20579,0
47052,38719,38719,8333
27597,23427,23427,4170
5536,44384,5536,0
61267,290,290,60977
63112,807,807,62305
48141,37923,37923,10218
62707,22327,22327,40380
8668,24895,8668,0
76356,53961,53961,22395
67670,23642,23642,44028
9617,16633,9617,0
68492,33700,33700,34792
13283,54582,13283,0
16606,25167,16606,0
35062,52722,35062,0
11567,3173,3173,8394
5452,47494,5452,0
1007,28949,1007,0
46757,20375,20375,26382
32560,17724,17724,14836
28903,31290,28903,0
64544,301,301,64243
37364,42694,37364,0
71266,38562,38562,32704
10213,40698,10213,0
9505,30035,9505,0
4355,24348,4355,0
58602,30011,30011,28591
65867,53430,53430,12437
26854,29359,26854,0
16155,48840,16155,0
73634,414,414,73220
62272,42339,42339,19933
22802,8047,8047,14755
68925,953,953,67972
49027,35968,35968,13059
34997,3028,3028,31969
72865,40171,40171,32694
27726,54845,27726,0
35249,50000,35249,0
20858,4916,4916,15942
16176,42679,16176,0
47413,23579,23579,23834
22794,7334,7334,15460
43490,21127,21127,22363
48927,56578,48927,0
76204,40433,40433,35771
3317,31473,3317,0
70347,18789,18789,51558
33681,16632,16632,17049
46341,42360,42360,3981
21550,39499,21550,0
63163,33283,33283,29880
47659,38087,38087,9572
20048,37537,20048,0
15450,31200,15450,0
26353,43046,26353,0
48973,15556,15556,33417
66452,19018,19018,47434
27768,17651,17651,10117
25845,43603,25845,0
7088,35304,7088,0
60645,51790,51790,8855
13824,53744,13824,0
53241,4161,4161,49080
64602,15426,15426,49176
79239,46119,46119,33120
61960,36854,36854,25106
8198,21721,8198,0
13023,15125,13023,0
61549,1927,1927,59622
53898,16683,16683,37215
68128,31924,31924,36204
51100,238,238,50862
30509,21332,21332,9177
5256,42140,5256,0
22322,44532,22322,0
14817,19476,14817,0
53359,48755,48755,4604
66851,9480,9480,57371
47431,11548,11548,35883
29252,17708,17708,11544
9526,45050,9526,0
45663,49712,45663,0
36127,53771,36127,0
53385,27706,27706,25679
72290,56571,56571,15719
39904,37048,37048,2856
13375,14354,13375,0
71599,19103,19103,52496
26708,443,443,26265
28323,17017,17017,11306
32870,36891,32870,0
27295,55042,27295,0
79280,46799,46799,32481
61903,19317,19317,42586
36516,22573,22573,13943
63095,8887,8887,54208
66189,20382,20382,45807
20487,22202,20487,0
25188,14307,14307,10881
57628,18432,18432,39196
43013,1978,1978,41035
63685,39144,39144,24541
68312,32139,32139,36173
41045,36085,36085,4960
26696,16192,16192,10504
52094,10258,10258,41836
20792,56589,20792,0
15481,1488,1488,13993
72272,8198,8198,64074
24612,37203,24612,0
71530,48842,48842,22688
26820,21010,21010,5810
73946,18306,18306,55640
24063,6767,6767,17296
1807,48946,1807,0
4385,39836,4385,0
12278,12672,12278,0
5647,52724,5647,0
52600,17845,17845,34755
59351,31464,31464,27887
41575,58843,41575,0
57592,49221,49221,8371
54406,35541,35541,18865
16494,6314,6314,10180
12901,918,918,11983
10380,39674,10380,0
1065,26793,1065,0
28680,43207,28680,0
48026,13826,13826,34200
59862,52955,52955,6907
57495,9245,9245,48250
58503,44153,44153,14350
20142,37676,20142,0
60877,19083,19083,41794
34999,12738,12738,22261
36897,52212,36897,0
53888,30408,30408,23480
65717,55544,55544,10173
31742,7690,7690,24052
59769,11110,11110,48659
23749,10768,10768,12981
25306,27997,25306,0
28747,38238,28747,0
77248,54915,54915,22333
54478,9286,9286,45192
74681,49317,49317,25364
15928,10781,10781,5147
72645,37980,37980,34665
66376,6470,6470,59906
32256,8159,8159,24097
28251,12694,12694,15557
42424,1747,1747,40677
63210,50684,50684,12526
16067,24441,16067,0
67013,37658,37658,29355
66547,8455,8455,58092
22272,40097,22272,0
69763,35572,35572,34191
29363,46673,29363,0
59465,12189,12189,47276
20629,47224,20629,0
